Solid Composition:
index Pressure Temperature mass SiO2 TiO2 Al2O3 Fe2O3 Cr2O3 FeO MnO MgO NiO CoO CaO Na2O K2O P2O5 H2O 
1 1000.00 1400.00 0.443865 0 0 0 0 0 0 0 0 0 0 0 0 0 0 100
2 7000.00 1397.00 0.000000 ---
2 4000.00 1397.00 0.000000 ----
3 7000.00 1394.00 0.000000 ---
3 4000.00 1394.00 0.000000 ----
4 7000.00 1391.00 0.000000 ---
4 4000.00 1391.00 0.000000 ----
2 1000.00 1397.00 0.442070 0 0 0 0 0 0 0 0 0 0 0 0 0 0 100
5 7000.00 1388.00 0.000000 ---
5 10000.00 1388.00 0.000000 ---
6 7000.00 1385.00 0.000000 ---
6 4000.00 1385.00 0.000000 ----
7 7000.00 1382.00 0.000000 ---
7 10000.00 1382.00 0.000000 ---
8 7000.00 1379.00 0.000000 --- 0 0 0 0 0 0 0 0 0 0 0 0 100
8 4000.00 1379.00 0.000000 ----
9 7000.00 1376.00 0.000000 ---
9 10000.00 1376.00 0.000000 ---
4 1000.00 1391.00 0.438455 0 0 0 0 0 0 0 0 0 0 0 0 0 0 100
10 7000.00 1373.00 0.000000 ---
10 10000.00 1373.00 0.000000 ---
11 7000.00 1370.00 0.000000 ---
11 4000.00 1370.00 0.000000 ----
12 7000.00 1367.00 0.000000 ---
5 1000.00 1388.00 0.436635 0 0 0 0 0 0 0 0 0 0 0 0 0 0 100
12 10000.00 1367.00 0.000000 ---
13 7000.00 1364.00 0.000000 ---
13 4000.00 1364.00 0.000000 ----
14 7000.00 1361.00 0.000000 ---
6 1000.00 1385.00 0.434807 0 0 0 0 0 0 0 0 0 0 0 0 0 0 100
14 4000.00 1361.00 0.000000 ----
15 7000.00 1358.00 0.000000 ---
15 4000.00 1358.00 0.000000 ----
16 7000.00 1355.00 0.000000 ---
7 1000.00 1382.00 0.432970 0 0 0 0 0 0 0 0 0 0 0 0 0 0 100
16 4000.00 1355.00 0.000000 ----
17 7000.00 1352.00 0.000000 ---
8 1000.00 1379.00 0.431124 0 0 0 0 0 0 0 0 0 0 0 0 0 0 100
17 10000.00 1352.00 0.000000 ---
18 7000.00 1349.00 0.000000 ---
18 10000.00 1349.00 0.000000 ---
19 7000.00 1346.00 0.000000 ---
9 1000.00 1376.00 0.429270 0 0 0 0 0 0 0 0 0 0 0 0 0 0 100
19 10000.00 1346.00 0.000000 ---
20 7000.00 1343.00 0.000000 ---
10 1000.00 1373.00 0.427408 0 0 0 0 0 0 0 0 0 0 0 0 0 0 100
20 4000.00 1343.00 0.000000 ----
21 7000.00 1340.00 0.000000 ---
11 1000.00 1370.00 0.425537 0 0 0 0 0 0 0 0 0 0 0 0 0 0 100
21 10000.00 1340.00 0.000000 ---
22 7000.00 1337.00 0.000000 ---
22 10000.00 1337.00 0.000000 ---
23 7000.00 1334.00 0.000000 ---
23 4000.00 1334.00 0.000000 ----
24 7000.00 1331.00 0.000000 ---
12 1000.00 1367.00 0.423657 0 0 0 0 0 0 0 0 0 0 0 0 0 0 100
24 10000.00 1331.00 0.000000 ---
25 7000.00 1328.00 0.000000 ---
25 4000.00 1328.00 0.000000 ----
26 7000.00 1325.00 0.000000 ---
13 1000.00 1364.00 0.421768 0 0 0 0 0 0 0 0 0 0 0 0 0 0 100
26 10000.00 1325.00 0.000000 ---
27 7000.00 1322.00 0.000000 ---
27 4000.00 1322.00 0.000000 ----
28 7000.00 1319.00 0.000000 ---
14 1000.00 1361.00 0.419870 0 0 0 0 0 0 0 0 0 0 0 0 0 0 100
28 4000.00 1319.00 0.000000 ----
29 7000.00 1316.00 0.000000 ---
15 1000.00 1358.00 0.417964 0 0 0 0 0 0 0 0 0 0 0 0 0 0 100
29 10000.00 1316.00 0.000000 --
30 7000.00 1313.00 0.000000 ---
31 7000.00 1310.00 0.000000 ---
30 10000.00 1313.00 0.000000 ---
16 1000.00 1355.00 0.416048 0 0 0 0 0 0 0 0 0 0 0 0 0 0 100
32 7000.00 1307.00 0.000000 ---
31 4000.00 1310.00 0.000000 ----
33 7000.00 1304.00 0.000000 ---
32 10000.00 1307.00 0.000000 ---
17 1000.00 1352.00 0.414124 0 0 0 0 0 0 0 0 0 0 0 0 0 0 100
34 7000.00 1301.00 0.000000 ---
33 4000.00 1304.00 0.000000 ----
35 7000.00 1298.00 0.000000 ---
34 10000.00 1301.00 0.000000 ---
18 1000.00 1349.00 0.412190 0 0 0 0 0 0 0 0 0 0 0 0 0 0 100
36 7000.00 1295.00 0.000000 ---
35 10000.00 1298.00 0.000000 ---
35 4000.00 1298.00 0.000000 ---
37 7000.00 1292.00 0.000000 ---
36 10000.00 1295.00 0.000000 ---0 0 0 0 0 0 0 0 0 0 0 0 100
36 4000.00 1295.00 0.000000 ---
38 7000.00 1289.00 0.000000 ---
37 10000.00 1292.00 0.000000 ---
37 4000.00 1292.00 0.000000 ---
39 7000.00 1286.00 0.000000 ---
38 10000.00 1289.00 0.000000 ---
20 1000.00 1343.00 0.408296 0 0 0 0 0 0 0 0 0 0 0 0 0 0 100
40 7000.00 1283.00 0.000000 ---
39 10000.00 1286.00 0.000000 ---
39 4000.00 1286.00 0.000000 ---
41 7000.00 1280.00 0.000000 ---
21 1000.00 1340.00 0.406336 0 0 0 0 0 0 0 0 0 0 0 0 0 0 100
40 4000.00 1283.00 0.000000 ---
42 7000.00 1277.00 0.000000 ---
41 10000.00 1280.00 0.000000 ---
41 4000.00 1280.00 0.000000 ---
43 7000.00 1274.00 0.000000 ---
42 4000.00 1277.00 0.000000 --- 0 0 0 0 0 0 0 0 0 0 0 0 100
44 7000.00 1271.00 0.000000 ---
43 4000.00 1274.00 0.000000 ---
45 7000.00 1268.00 0.000000 ---
23 1000.00 1334.00 0.402386 0 0 0 0 0 0 0 0 0 0 0 0 0 0 1007134 0 7.71798 0 31.2927 0 0 2.25691 0.0236423 0 0 0
44 4000.00 1271.00 0.000000 ---
47 7000.00 1262.00 0.000000 ---
24 1000.00 1331.00 0.400397 0 0 0 0 0 0 0 0 0 0 0 0 0 0 100
46 4000.00 1265.00 0.000000 ---
48 7000.00 1259.00 0.000000 ---
47 4000.00 1262.00 0.000000 ---
49 7000.00 1256.00 0.000000 ---
25 1000.00 1328.00 0.398399 0 0 0 0 0 0 0 0 0 0 0 0 0 0 100
48 4000.00 1259.00 0.000000 ---
50 7000.00 1253.00 0.000000 ---
44 10000.00 1279.00 0.000000 ---
49 4000.00 1256.00 0.000000 ---
51 7000.00 1250.00 0.000000 ---
45 10000.00 1278.00 0.000000 ---
50 4000.00 1253.00 0.000000 --- 0 0 0 0 0 0 0 0 0 0 0 0 100
52 7000.00 1247.00 0.000000 ---
51 4000.00 1250.00 0.000000 ---
53 7000.00 1244.00 0.000000 ---
52 4000.00 1247.00 0.000000 ---
54 7000.00 1241.00 0.000000 ---
27 1000.00 1322.00 0.394374 0 0 0 0 0 0 0 0 0 0 0 0 0 0 100
53 4000.00 1244.00 0.000000 ---.5624 0.0688476 2.40035 0.677134 0 7.71798 0 31.2927 0 0 2.25691 0.0236423 0 0 0
55 7000.00 1238.00 0.000000 ---
54 4000.00 1241.00 0.000000 ---
55 4000.00 1238.00 0.000000 ---
28 1000.00 1319.00 0.392348 0 0 0 0 0 0 0 0 0 0 0 0 0 0 100
56 4000.00 1235.00 0.000000 ---
47 10000.00 1278.00 0.234015 55.5734 0.0687932 2.3978 0.676912 0 7.69441 0 31.3271 0 0 2.23808 0.0235225 0 0 0
56 7000.00 1235.00 0.270462 40.2914 0 0 0 0 12.4779 0.18409 46.7042 0 0 0.342321 0 0 0 0
29 1000.00 1316.00 0.390311 0 0 0 0 0 0 0 0 0 0 0 0 0 0 100
57 4000.00 1232.00 0.000000 ---
58 4000.00 1229.00 0.000000 ---
59 4000.00 1226.00 0.000000 ---
48 10000.00 1279.00 0.066854 55.5843 0.0687349 2.39521 0.676672 0 7.67091 0 31.3612 0 0 2.21951 0.0234037 0 0 0
60 4000.00 1223.00 0.000000 ---
30 1000.00 1313.00 0.388265 0 0 0 0 0 0 0 0 0 0 0 0 0 0 100
57 7000.00 1238.00 0.000000 ---
61 4000.00 1220.00 0.000000 ---
58 7000.00 1237.00 0.000000 ---
62 4000.00 1217.00 0.000000 ---
49 10000.00 1280.00 0.000000 ---
50 10000.00 1279.90 0.000000 ---
31 1000.00 1310.00 0.386210 0 0 0 0 0 0 0 0 0 0 0 0 0 0 100
63 4000.00 1214.00 0.259982 40.3626 0 0 0 0 12.0794 0.182891 47.0018 0 0 0.373307 0 0 0 0
51 10000.00 1279.80 0.000000 ---
59 7000.00 1236.00 0.176860 40.2982 0 0 0 0 12.4425 0.183649 46.7338 0 0 0.341818 0 0 0 0
32 1000.00 1307.00 0.384144 0 0 0 0 0 0 0 0 0 0 0 0 0 0 100
52 10000.00 1279.70 0.000000 ---
53 10000.00 1279.60 0.000000 ---
64 4000.00 1217.00 0.000000 ---
54 10000.00 1279.50 0.000000 ---
33 1000.00 1304.00 0.382069 0 0 0 0 0 0 0 0 0 0 0 0 0 0 100
65 4000.00 1216.00 0.000000 ---
55 10000.00 1279.40 0.000000 ---
60 7000.00 1237.00 0.082976 40.305 0 0 0 0 12.4071 0.183208 46.7634 0 0 0.341314 0 0 0 0
56 10000.00 1279.30 0.000000 ---
34 1000.00 1301.00 0.379983 0 0 0 0 0 0 0 0 0 0 0 0 0 0 100
57 10000.00 1279.20 0.000000 ---
61 7000.00 1238.00 0.000000 ---3693 0 0 0 0 12.0444 0.182445 47.0311 0 0 0.372758 0 0 0 0
35 1000.00 1298.00 0.377888 0 0 0 0 0 0 0 0 0 0 0 0 0 0 100
59 10000.00 1279.00 0.000000 ---
63 7000.00 1237.80 0.000000 ----
36 1000.00 1295.00 0.375783 0 0 0 0 0 0 0 0 0 0 0 0 0 0 100
64 7000.00 1237.70 0.000000 ----
67 4000.00 1216.00 0.073893 40.376 0 0 0 0 12.0095 0.181999 47.0603 0 0 0.372209 0 0 0 0
65 7000.00 1237.60 0.000000 --- 0 0 0 0 0 0 0 0 0 0 0 0 100
63 10000.00 1278.60 0.000000 ---
67 7000.00 1237.40 0.000000 ----
38 1000.00 1289.00 0.371542 0 0 0 0 0 0 0 0 0 0 0 0 0 0 100
68 7000.00 1237.30 0.000000 ----
68 4000.00 1217.00 0.000000 ---
69 7000.00 1237.20 0.000000 ---
66 10000.00 1278.30 0.000000 ---
39 1000.00 1286.00 0.369406 0 0 0 0 0 0 0 0 0 0 0 0 0 0 100
70 7000.00 1237.10 0.000000 ---
67 10000.00 1278.20 0.000000 ---
70 4000.00 1216.80 0.000000 ---
71 7000.00 1237.00 0.000000 ---
68 10000.00 1278.10 0.000000 ---
40 1000.00 1283.00 0.367260 0 0 0 0 0 0 0 0 0 0 0 0 0 0 100
72 7000.00 1236.90 0.000000 ---
69 10000.00 1278.00 0.000000 ---
72 4000.00 1216.60 0.000000 ---
73 7000.00 1236.80 0.000000 ---
70 10000.00 1277.90 0.000000 ---
73 4000.00 1216.50 0.000000 ---
74 7000.00 1236.70 0.000000 --- 0 0 0 0 0 0 0 0 0 0 0 0 100
71 10000.00 1277.80 0.000000 ---
74 4000.00 1216.40 0.000000 ---
75 7000.00 1236.60 0.000000 ---
75 4000.00 1216.30 0.000000 ---
42 1000.00 1277.00 0.362937 0 0 0 0 0 0 0 0 0 0 0 0 0 0 100
76 4000.00 1216.20 0.000000 ---
72 10000.00 1277.70 0.284105 55.5701 0.0688099 2.39857 0.67698 0 7.70148 0 31.3168 0 0 2.2437 0.0235584 0 0 0
77 7000.00 1236.40 0.000000 ---
77 4000.00 1216.10 0.000000 ---
43 1000.00 1274.00 0.360760 0 0 0 0 0 0 0 0 0 0 0 0 0 0 100
78 7000.00 1236.30 0.000000 ---
78 4000.00 1216.00 0.000000 ---
73 10000.00 1277.80 0.267411 55.5712 0.0688044 2.39831 0.676958 0 7.69912 0 31.3202 0 0 2.24182 0.0235464 0 0 0
79 7000.00 1236.20 0.000000 ---
79 4000.00 1215.90 0.000000 ---
80 7000.00 1236.10 0.000000 ---
80 4000.00 1215.80 0.000000 ---
44 1000.00 1271.00 0.358572 0 0 0 0 0 0 0 0 0 0 0 0 0 0 100
74 10000.00 1277.90 0.250715 55.5723 0.0687988 2.39806 0.676935 0 7.69677 0 31.3237 0 0 2.23995 0.0235345 0 0 0
81 4000.00 1215.70 0.000000 ---
81 7000.00 1236.00 0.176860 40.2982 0 0 0 0 12.4425 0.183649 46.7338 0 0 0.341818 0 0 0 0
82 4000.00 1215.60 0.000000 ---
45 1000.00 1268.00 0.356374 0 0 0 0 0 0 0 0 0 0 0 0 0 0 100
75 10000.00 1278.00 0.234015 55.5734 0.0687932 2.3978 0.676912 0 7.69441 0 31.3271 0 0 2.23808 0.0235225 0 0 0
82 7000.00 1236.10 0.167484 40.2989 0 0 0 0 12.439 0.183604 46.7368 0 0 0.341767 0 0 0 0
46 1000.00 1265.00 0.354165 0 0 0 0 0 0 0 0 0 0 0 0 0 0 100
76 10000.00 1278.10 0.217313 55.5745 0.0687875 2.39754 0.676889 0 7.69206 0 31.3305 0 0 2.23621 0.0235106 0 0 0
83 4000.00 1215.50 0.120521 40.3727 0 0 0 0 12.0269 0.182222 47.0457 0 0 0.372484 0 0 0 0
83 7000.00 1236.20 0.158106 40.2995 0 0 0 0 12.4354 0.18356 46.7398 0 0 0.341717 0 0 0 0
47 1000.00 1262.00 0.351945 0 0 0 0 0 0 0 0 0 0 0 0 0 0 100
77 10000.00 1278.20 0.200607 55.5756 0.0687818 2.39729 0.676865 0 7.68971 0 31.3339 0 0 2.23434 0.0234987 0 0 0
84 4000.00 1215.60 0.111201 40.3734 0 0 0 0 12.0234 0.182177 47.0486 0 0 0.372429 0 0 0 0
48 1000.00 1259.00 0.349715 0 0 0 0 0 0 0 0 0 0 0 0 0 0 1006 46.7427 0 0 0.341667 0 0 0 0
78 10000.00 1278.30 0.183899 55.5767 0.0687761 2.39703 0.676842 0 7.68736 0 31.3374 0 0 2.23248 0.0234868 0 0 0
49 1000.00 1256.00 0.347474 0 0 0 0 0 0 0 0 0 0 0 0 0 0 100
85 7000.00 1236.40 0.139340 40.3009 0 0 0 0 12.4283 0.183472 46.7457 0 0 0.341616 0 0 0 0
85 4000.00 1215.70 0.101878 40.374 0 0 0 0 12.0199 0.182132 47.0515 0 0 0.372374 0 0 0 0
79 10000.00 1278.40 0.167187 55.5778 0.0687703 2.39677 0.676818 0 7.68501 0 31.3408 0 0 2.23062 0.0234749 0 0 0
50 1000.00 1253.00 0.345222 0 0 0 0 0 0 0 0 0 0 0 0 0 0 100
86 4000.00 1215.80 0.092553 40.3747 0 0 0 0 12.0164 0.182088 47.0545 0 0 0.372319 0 0 0 0
86 7000.00 1236.50 0.129953 40.3016 0 0 0 0 12.4248 0.183428 46.7486 0 0 0.341566 0 0 0 0
51 1000.00 1250.00 0.342959 0 0 0 0 0 0 0 0 0 0 0 0 0 0 100
80 10000.00 1278.50 0.150473 55.5789 0.0687645 2.39651 0.676794 0 7.68266 0 31.3442 0 0 2.22876 0.023463 0 0 0
87 4000.00 1215.90 0.083224 40.3754 0 0 0 0 12.0129 0.182043 47.0574 0 0 0.372264 0 0 0 0
87 7000.00 1236.60 0.120564 40.3023 0 0 0 0 12.4213 0.183384 46.7516 0 0 0.341516 0 0 0 0
52 1000.00 1247.00 0.340685 0 0 0 0 0 0 0 0 0 0 0 0 0 0 100
81 10000.00 1278.60 0.133755 55.58 0.0687587 2.39625 0.67677 0 7.68031 0 31.3476 0 0 2.22691 0.0234511 0 0 0
88 7000.00 1236.70 0.111171 40.3029 0 0 0 0 12.4177 0.18334 46.7545 0 0 0.341465 0 0 0 0
53 1000.00 1244.00 0.338400 0 0 0 0 0 0 0 0 0 0 0 0 0 0 100
89 7000.00 1236.80 0.101775 40.3036 0 0 0 0 12.4142 0.183296 46.7575 0 0 0.341415 0 0 0 0
89 4000.00 1216.10 0.064559 40.3767 0 0 0 0 12.006 0.181954 47.0632 0 0 0.372154 0 0 0 0
82 10000.00 1278.70 0.117034 55.581 0.0687528 2.39599 0.676746 0 7.67796 0 31.351 0 0 2.22505 0.0234393 0 0 0
54 1000.00 1241.00 0.336104 0 0 0 0 0 0 0 0 0 0 0 0 0 0 100
90 7000.00 1236.90 0.092377 40.3043 0 0 0 0 12.4107 0.183252 46.7604 0 0 0.341365 0 0 0 0
90 4000.00 1216.20 0.055222 40.3774 0 0 0 0 12.0025 0.18191 47.0661 0 0 0.372099 0 0 0 0
55 1000.00 1238.00 0.333797 0 0 0 0 0 0 0 0 0 0 0 0 0 0 100
83 10000.00 1278.80 0.100311 55.5821 0.0687469 2.39573 0.676721 0 7.67561 0 31.3544 0 0 2.2232 0.0234274 0 0 0
91 7000.00 1237.00 0.082976 40.305 0 0 0 0 12.4071 0.183208 46.7634 0 0 0.341314 0 0 0 0
91 4000.00 1216.30 0.045883 40.378 0 0 0 0 11.999 0.181865 47.0691 0 0 0.372044 0 0 0 0
92 7000.00 1237.10 0.073572 40.3056 0 0 0 0 12.4036 0.183164 46.7663 0 0 0.341264 0 0 0 0
84 10000.00 1278.90 0.083584 55.5832 0.0687409 2.39547 0.676696 0 7.67326 0 31.3578 0 0 2.22135 0.0234156 0 0 0
92 4000.00 1216.40 0.036540 40.3787 0 0 0 0 11.9955 0.181821 47.072 0 0 0.37199 0 0 0 0
57 1000.00 1232.00 0.329148 0 0 0 0 0 0 0 0 0 0 0 0 0 0 100
93 7000.00 1237.20 0.064165 40.3063 0 0 0 0 12.4001 0.18312 46.7693 0 0 0.341214 0 0 0 0
85 10000.00 1279.00 0.066854 55.5843 0.0687349 2.39521 0.676672 0 7.67091 0 31.3612 0 0 2.21951 0.0234037 0 0 0
58 1000.00 1229.00 0.326807 0 0 0 0 0 0 0 0 0 0 0 0 0 0 100
93 4000.00 1216.50 0.027195 40.3794 0 0 0 0 11.992 0.181776 47.0749 0 0 0.371935 0 0 0 0
94 7000.00 1237.30 0.054756 40.307 0 0 0 0 12.3966 0.183076 46.7722 0 0 0.341163 0 0 0 0
59 1000.00 1226.00 0.324454 0 0 0 0 0 0 0 0 0 0 0 0 0 0 100
86 10000.00 1279.10 0.050121 55.5854 0.0687289 2.39495 0.676647 0 7.66857 0 31.3646 0 0 2.21767 0.0233919 0 0 0
94 4000.00 1216.60 0.017847 40.38 0 0 0 0 11.9885 0.181732 47.0778 0 0 0.37188 0 0 0 0
60 1000.00 1223.00 0.322090 0 0 0 0 0 0 0 0 0 0 0 0 0 0 100
95 7000.00 1237.40 0.045343 40.3077 0 0 0 0 12.393 0.183032 46.7752 0 0 0.341113 0 0 0 0
87 10000.00 1279.20 0.033385 55.5865 0.0687228 2.39469 0.676621 0 7.66622 0 31.368 0 0 2.21583 0.0233801 0 0 0
61 1000.00 1220.00 0.319714 0 0 0 0 0 0 0 0 0 0 0 0 0 0 100
96 7000.00 1237.50 0.035928 40.3083 0 0 0 0 12.3895 0.182988 46.7781 0 0 0.341063 0 0 0 0
95 4000.00 1216.70 0.008496 40.3807 0 0 0 0 11.9851 0.181687 47.0807 0 0 0.371825 0 0 0 0
88 10000.00 1279.30 0.016646 55.5876 0.0687167 2.39442 0.676596 0 7.66388 0 31.3714 0 0 2.21399 0.0233683 0 0 0
62 1000.00 1217.00 0.317327 0 0 0 0 0 0 0 0 0 0 0 0 0 0 100
97 7000.00 1237.60 0.026510 40.309 0 0 0 0 12.386 0.182944 46.7811 0 0 0.341012 0 0 0 0
96 4000.00 1216.80 0.000000 ---
97 4000.00 1216.80 0.000000 ---
63 1000.00 1214.00 0.314928 0 0 0 0 0 0 0 0 0 0 0 0 0 0 100
89 10000.00 1279.40 0.000000 ---
98 7000.00 1237.70 0.017089 40.3097 0 0 0 0 12.3824 0.1829 46.784 0 0 0.340962 0 0 0 0
90 10000.00 1279.40 0.000000 ---
64 1000.00 1211.00 0.312517 0 0 0 0 0 0 0 0 0 0 0 0 0 0 100
98 4000.00 1214.80 0.186088 40.368 0 0 0 0 12.0515 0.182536 47.0251 0 0 0.37287 0 0 0 0
65 1000.00 1208.00 0.310094 0 0 0 0 0 0 0 0 0 0 0 0 0 0 1006 46.7869 0 0 0.340911 0 0 0 0
91 10000.00 1277.40 0.333702 55.5669 0.0688262 2.39933 0.677047 0 7.70848 0 31.3066 0 0 2.24929 0.0235939 0 0 0
66 1000.00 1205.00 0.307660 0 0 0 0 0 0 0 0 0 0 0 0 0 0 100
100 7000.00 1237.90 0.000000 ---545 0 0 0 0 12.1219 0.183434 46.9662 0 0 0.373971 0 0 0 0
101 7000.00 1237.90 0.000000 ---
92 10000.00 1275.41 0.331659 55.5449 0.0689239 2.40429 0.67745 0 7.75579 0 31.2373 0 0 2.28752 0.0238353 0 0 0
67 1000.00 1202.00 0.305213 0 0 0 0 0 0 0 0 0 0 0 0 0 0 100
100 4000.00 1210.79 0.184145 40.3409 0 0 0 0 12.1928 0.184337 46.9069 0 0 0.375072 0 0 0 0
93 10000.00 1273.41 0.329563 55.5229 0.069003 2.40904 0.677779 0 7.80346 0 31.1669 0 0 2.32689 0.0240807 0 0 0
102 7000.00 1235.90 0.186185 40.2975 0 0 0 0 12.446 0.183692 46.7309 0 0 0.341868 0 0 0 0
101 4000.00 1208.78 0.182764 40.3272 0 0 0 0 12.2641 0.185246 46.8473 0 0 0.376173 0 0 0 0
69 1000.00 1196.00 0.300284 0 0 0 0 0 0 0 0 0 0 0 0 0 0 100
103 7000.00 1233.90 0.186542 40.2839 0 0 0 0 12.5171 0.184578 46.6716 0 0 0.342875 0 0 0 0
94 10000.00 1271.41 0.327510 55.5008 0.0690627 2.41357 0.678028 0 7.85148 0 31.0953 0 0 2.36747 0.0243302 0 0 0
102 4000.00 1206.78 0.181395 40.3135 0 0 0 0 12.3358 0.18616 46.7873 0 0 0.377274 0 0 0 0
104 7000.00 1231.90 0.185148 40.2702 0 0 0 0 12.5886 0.185468 46.6118 0 0 0.343882 0 0 0 0
70 1000.00 1193.00 0.608977 20.5098 0 0 0 0 5.93216 0.0970754 23.9814 0 0 0.210771 0 0 0 49.2688
103 4000.00 1204.77 0.180039 40.2996 0 0 0 0 12.4081 0.187079 46.7268 0 0 0.378375 0 0 0 0
105 7000.00 1229.90 0.183766 40.2564 0 0 0 0 12.6606 0.186363 46.5517 0 0 0.34489 0 0 0 0
95 10000.00 1269.41 1.620600 52.5557 0.181855 3.80242 1.1422 0 5.06825 0 19.3398 0 0 17.7551 0.154711 0 0 0
71 1000.00 1196.00 0.334058 4.06003 0 0 0 0 1.16338 0.019066 4.75362 0 0 0.0415165 0 0 0 89.9624
106 7000.00 1227.90 0.182398 40.2426 0 0 0 0 12.733 0.187264 46.4913 0 0 0.345898 0 0 0 0
104 4000.00 1202.77 0.178697 40.2857 0 0 0 0 12.4808 0.188004 46.666 0 0 0.379477 0 0 0 0
96 10000.00 1267.42 1.002242 52.4933 0.188534 3.8591 1.15813 0 5.07886 0 19.2379 0 0 17.8275 0.156776 0 0 0
72 1000.00 1199.00 0.302754 0 0 0 0 0 0 0 0 0 0 0 0 0 0 100
105 4000.00 1200.77 0.177367 40.2716 0 0 0 0 12.554 0.188934 46.6048 0 0 0.380578 0 0 0 0
73 1000.00 1198.00 0.301932 0 0 0 0 0 0 0 0 0 0 0 0 0 0 100
97 10000.00 1265.42 0.982874 52.4311 0.195352 3.91577 1.17401 0 5.09124 0 19.1392 0 0 17.8945 0.158834 0 0 0
107 7000.00 1225.90 1.606749 52.3872 0.212051 3.70186 1.27035 0 4.65865 0 18.6444 0 0 18.9954 0.130052 0 0 0
106 4000.00 1198.76 0.176049 40.2575 0 0 0 0 12.6277 0.18987 46.5432 0 0 0.38168 0 0 0 09568 0.16089 0 0 0
75 1000.00 1196.00 0.300284 0 0 0 0 0 0 0 0 0 0 0 0 0 0 100
108 7000.00 1223.90 1.005623 52.3334 0.219141 3.75185 1.28581 0 4.68824 0 18.5838 0 0 19.0063 0.131499 0 0 0
107 4000.00 1196.76 0.174743 40.2433 0 0 0 0 12.7019 0.190811 46.4812 0 0 0.382782 0 0 0 0
99 10000.00 1261.43 0.945275 52.3075 0.209425 4.02924 1.20573 0 5.12059 0 18.9497 0 0 18.0148 0.162946 0 0 0
76 1000.00 1195.00 0.425982 11.9255 0 0 0 0 3.42785 0.0561495 13.9565 0 0 0.122148 0 0 0 70.5118
109 7000.00 1221.90 0.985405 52.2793 0.226412 3.80215 1.30136 0 4.71818 0 18.5232 0 0 19.0165 0.132961 0 0 0
108 4000.00 1194.75 0.173450 40.229 0 0 0 0 12.7766 0.191758 46.4187 0 0 0.383884 0 0 0 0
100 10000.00 1259.43 0.927053 52.2459 0.21669 4.08609 1.22158 0 5.13726 0 18.8584 0 0 18.0691 0.165006 0 0 0
77 1000.00 1196.00 0.334058 4.06003 0 0 0 0 1.16338 0.019066 4.75362 0 0 0.0415165 0 0 0 89.9624
110 7000.00 1219.90 0.965703 52.2247 0.233867 3.85275 1.317 0 4.74844 0 18.4625 0 0 19.0262 0.134436 0 0 0
109 4000.00 1192.75 0.172168 40.2146 0 0 0 0 12.8518 0.19271 46.3559 0 0 0.384987 0 0 0 0
101 10000.00 1257.43 0.909217 52.1844 0.224113 4.14304 1.23744 0 5.15511 0 18.7689 0 0 18.1199 0.167071 0 0 0
78 1000.00 1197.00 0.301109 0 0 0 0 0 0 0 0 0 0 0 0 0 0 10073 0 4.77904 0 18.4019 0 0 19.0354 0.135927 0 0 0
110 4000.00 1190.74 0.170899 40.2001 0 0 0 0 12.9276 0.193669 46.2926 0 0 0.386089 0 0 0 0
79 1000.00 1196.90 0.301026 0 0 0 0 0 0 0 0 0 0 0 0 0 0 100
102 10000.00 1255.43 0.891764 52.1229 0.231699 4.20013 1.25331 0 5.17402 0 18.6811 0 0 18.1677 0.169143 0 0 0
111 4000.00 1188.74 0.169641 40.1855 0 0 0 0 13.0038 0.194633 46.2289 0 0 0.387192 0 0 0 0
112 7000.00 1215.91 0.927781 52.1145 0.249342 3.95487 1.34856 0 4.80996 0 18.3412 0 0 19.0441 0.137433 0 0 0
80 1000.00 1196.80 0.300944 0 0 0 0 0 0 0 0 0 0 0 0 0 0 100
103 10000.00 1253.44 0.874691 52.0613 0.239451 4.25735 1.26921 0 5.19393 0 18.5948 0 0 18.2127 0.171224 0 0 0
113 7000.00 1213.91 0.909529 52.0588 0.257368 4.00639 1.36448 0 4.8412 0 18.2805 0 0 19.0524 0.138955 0 0 0
112 4000.00 1186.73 0.168396 40.1708 0 0 0 0 13.0806 0.195603 46.1648 0 0 0.388296 0 0 0 0
81 1000.00 1196.70 0.300861 0 0 0 0 0 0 0 0 0 0 0 0 0 0 100
104 10000.00 1251.44 0.857991 51.9997 0.247374 4.31473 1.28514 0 5.21476 0 18.5098 0 0 18.2552 0.173316 0 0 0
114 7000.00 1211.91 0.891729 52.0026 0.265592 4.05823 1.38049 0 4.87274 0 18.2197 0 0 19.0602 0.140493 0 0 0
82 1000.00 1196.60 0.300779 0 0 0 0 0 0 0 0 0 0 0 0 0 0 100
113 4000.00 1184.73 0.167161 40.156 0 0 0 0 13.1579 0.196579 46.1002 0 0 0.3894 0 0 0 0
105 10000.00 1249.44 0.841660 51.9379 0.25547 4.37229 1.3011 0 5.23644 0 18.4259 0 0 18.2954 0.17542 0 0 0
115 7000.00 1209.91 0.874368 51.9461 0.274017 4.11038 1.3966 0 4.9046 0 18.1587 0 0 19.0676 0.142048 0 0 0
114 4000.00 1182.73 0.165939 40.1411 0 0 0 0 13.2357 0.197561 46.0352 0 0 0.390505 0 0 0 0
84 1000.00 1196.40 0.300614 0 0 0 0 0 0 0 0 0 0 0 0 0 0 100
106 10000.00 1247.44 0.825691 51.8761 0.263744 4.43002 1.3171 0 5.25891 0 18.3431 0 0 18.3335 0.177538 0 0 0
116 7000.00 1207.91 0.857431 51.8891 0.282645 4.16285 1.41282 0 4.93675 0 18.0977 0 0 19.0746 0.143619 0 0 0
115 4000.00 1180.72 0.164727 40.1261 0 0 0 0 13.3141 0.198549 45.9697 0 0 0.39161 0 0 0 0
85 1000.00 1196.30 0.300531 0 0 0 0 0 0 0 0 0 0 0 0 0 0 100
86 1000.00 1196.20 0.300449 0 0 0 0 0 0 0 0 0 0 0 0 0 0 1004 45.9038 0 0 0.392716 0 0 0 0
117 7000.00 1205.91 0.840914 51.8316 0.291481 4.21563 1.42913 0 4.9692 0 18.0365 0 0 19.0812 0.145208 0 0 0
107 10000.00 1245.45 0.810076 51.8141 0.272198 4.48795 1.33314 0 5.28214 0 18.2613 0 0 18.3696 0.17967 0 0 0
87 1000.00 1196.10 0.300366 0 0 0 0 0 0 0 0 0 0 0 0 0 0 100
117 4000.00 1176.71 0.162339 40.0957 0 0 0 0 13.4724 0.200544 45.8375 0 0 0.393823 0 0 0 0
108 10000.00 1243.45 0.794808 51.7519 0.280837 4.54608 1.34924 0 5.30606 0 18.1802 0 0 18.4039 0.181818 0 0 0
88 1000.00 1196.00 0.300284 0 0 0 0 0 0 0 0 0 0 0 0 0 0 100
118 7000.00 1203.91 0.824853 51.7738 0.300528 4.26872 1.44553 0 5.00196 0 17.9752 0 0 19.0875 0.146815 0 0 0
89 1000.00 1195.90 0.300201 0 0 0 0 0 0 0 0 0 0 0 0 0 0 100
109 10000.00 1241.45 0.779880 51.6894 0.289663 4.60441 1.36538 0 5.33064 0 18.0999 0 0 18.4365 0.183983 0 0 0
119 7000.00 1201.91 0.809184 51.7155 0.309788 4.32213 1.46204 0 5.03501 0 17.9138 0 0 19.0934 0.14844 0 0 0
118 4000.00 1174.71 1.262684 51.6938 0.311444 3.98508 1.61131 0 4.12334 0 17.061 0 0 21.1011 0.112882 0 0 0
90 1000.00 1195.80 0.300119 0 0 0 0 0 0 0 0 0 0 0 0 0 0 100
110 10000.00 1239.46 0.765284 51.6268 0.29868 4.66296 1.38158 0 5.35585 0 18.0203 0 0 18.4677 0.186166 0 0 0
120 7000.00 1199.91 0.793886 51.6567 0.319266 4.37587 1.47865 0 5.06837 0 17.8521 0 0 19.099 0.150083 0 0 0
91 1000.00 1195.70 0.361666 6.84261 0 0 0 0 1.96255 0.0321583 8.01048 0 0 0.0700051 0 0 0 83.0822
111 10000.00 1237.46 0.751013 51.5639 0.307892 4.72173 1.39784 0 5.38166 0 17.9412 0 0 18.4974 0.188368 0 0 0
119 4000.00 1172.70 0.941031 51.6386 0.32132 4.03449 1.62936 0 4.15702 0 17.0143 0 0 21.0909 0.114098 0 0 0
121 7000.00 1197.91 0.778946 51.5975 0.328964 4.42992 1.49537 0 5.10201 0 17.7903 0 0 19.1042 0.151746 0 0 0
92 1000.00 1195.80 0.352466 5.96383 0 0 0 0 1.70997 0.0280209 6.98202 0 0 0.0610043 0 0 0 85.2552
120 4000.00 1170.70 0.922236 51.5828 0.331439 4.08421 1.64755 0 4.19094 0 16.9671 0 0 21.0806 0.115328 0 0 0
112 10000.00 1235.46 0.737058 51.5008 0.317301 4.78073 1.41416 0 5.40803 0 17.8626 0 0 18.5257 0.190589 0 0 0
122 7000.00 1195.91 0.764354 51.5378 0.338886 4.48429 1.51218 0 5.13595 0 17.7283 0 0 19.1092 0.153428 0 0 0
93 1000.00 1195.90 0.343264 5.03762 0 0 0 0 1.44395 0.0236629 5.89794 0 0 0.0515215 0 0 0 87.5453
121 4000.00 1168.70 0.903922 51.5265 0.341806 4.13426 1.66585 0 4.22511 0 16.9195 0 0 21.0703 0.116572 0 0 0
113 10000.00 1233.46 0.723413 51.4374 0.326911 4.83996 1.43054 0 5.43494 0 17.7845 0 0 18.5529 0.19283 0 0 0
94 1000.00 1196.00 0.334058 4.06003 0 0 0 0 1.16338 0.019066 4.75362 0 0 0.0415165 0 0 0 89.9624
123 7000.00 1193.91 0.750100 51.4776 0.349037 4.53898 1.52911 0 5.17016 0 17.6661 0 0 19.1139 0.155131 0 0 0
122 4000.00 1166.69 0.886074 51.4697 0.352423 4.18462 1.68429 0 4.25953 0 16.8716 0 0 21.06 0.11783 0 0 0
114 10000.00 1231.47 0.710070 51.3737 0.336725 4.89943 1.44699 0 5.46236 0 17.7068 0 0 18.5788 0.195093 0 0 0
95 1000.00 1196.10 0.324850 3.02669 0 0 0 0 0.867012 0.0142096 3.5439 0 0 0.0309447 0 0 0 92.5172
123 4000.00 1164.69 0.868677 51.4123 0.363296 4.2353 1.70285 0 4.29419 0 16.8233 0 0 21.0497 0.119102 0 0 0
124 7000.00 1191.91 0.736174 51.417 0.359419 4.59399 1.54613 0 5.20466 0 17.6036 0 0 19.1183 0.156853 0 0 0
115 10000.00 1229.47 0.697021 51.3097 0.346746 4.95914 1.46351 0 5.49028 0 17.6295 0 0 18.6038 0.197378 0 0 0
96 1000.00 1196.20 0.315639 1.93267 0 0 0 0 0.553451 0.00907105 2.26303 0 0 0.0197562 0 0 0 95.222
124 4000.00 1162.68 0.851715 51.3544 0.374428 4.2863 1.72155 0 4.3291 0 16.7746 0 0 21.0393 0.120389 0 0 0
125 7000.00 1189.91 0.722566 51.3559 0.370036 4.64933 1.56327 0 5.23944 0 17.5409 0 0 19.1225 0.158596 0 0 0
97 1000.00 1196.30 0.306425 0.772469 0 0 0 0 0.22114 0.00362466 0.904552 0 0 0.00789507 0 0 0 98.0903
116 10000.00 1227.47 0.684260 51.2454 0.356978 5.01909 1.4801 0 5.51866 0 17.5524 0 0 18.6276 0.199685 0 0 0
125 4000.00 1160.68 0.835174 51.2959 0.385823 4.33762 1.74037 0 4.36426 0 16.7255 0 0 21.0288 0.121691 0 0 0
126 7000.00 1187.91 0.709268 51.2943 0.380892 4.705 1.58051 0 5.27448 0 17.478 0 0 19.1264 0.16036 0 0 0
98 1000.00 1196.40 0.300614 0 0 0 0 0 0 0 0 0 0 0 0 0 0 100
117 10000.00 1225.48 0.671779 51.1808 0.367424 5.07929 1.49677 0 5.54751 0 17.4756 0 0 18.6506 0.202016 0 0 0
99 1000.00 1196.40 0.300614 0 0 0 0 0 0 0 0 0 0 0 0 0 0 100
126 4000.00 1158.67 0.819042 51.2369 0.397487 4.38926 1.75933 0 4.39966 0 16.676 0 0 21.0184 0.123008 0 0 0
127 7000.00 1185.91 0.696270 51.2322 0.39199 4.76098 1.59786 0 5.3098 0 17.4148 0 0 19.1302 0.162146 0 0 0
118 10000.00 1223.48 0.659571 51.1159 0.378086 5.13975 1.51351 0 5.57678 0 17.399 0 0 18.6727 0.204371 0 0 0
128 7000.00 1183.91 0.683564 51.1696 0.403335 4.81729 1.61533 0 5.34537 0 17.3514 0 0 19.1337 0.163954 0 0 0
127 4000.00 1156.67 0.803304 51.1772 0.409423 4.44123 1.77842 0 4.43531 0 16.6261 0 0 21.008 0.124341 0 0 0
119 10000.00 1221.48 0.647629 51.0506 0.388969 5.20045 1.53033 0 5.60648 0 17.3225 0 0 18.6939 0.20675 0 0 0
129 7000.00 1181.91 0.671142 51.1066 0.41493 4.87393 1.6329 0 5.38121 0 17.2877 0 0 19.137 0.165783 0 0 0
100 1000.00 1194.40 0.181187 40.4376 0 0 0 0 11.6454 0.190709 47.3117 0 0 0.414611 0 0 0 0
128 4000.00 1154.66 0.787949 51.1171 0.421635 4.49352 1.79764 0 4.47121 0 16.5757 0 0 20.9975 0.125689 0 0 0
120 10000.00 1219.48 0.635947 50.9849 0.400075 5.26142 1.54723 0 5.63659 0 17.2462 0 0 18.7144 0.209155 0 0 0
101 1000.00 1192.40 0.183169 40.4243 0 0 0 0 11.7147 0.191664 47.2535 0 0 0.41586 0 0 0 0
129 4000.00 1152.66 0.772963 51.0563 0.434129 4.54613 1.81701 0 4.50735 0 16.525 0 0 20.987 0.127053 0 0 0
131 7000.00 1177.92 0.647117 50.9789 0.438885 4.98819 1.6684 0 5.45366 0 17.1593 0 0 19.1432 0.169512 0 0 0
121 10000.00 1217.49 0.624518 50.9189 0.411408 5.32264 1.56421 0 5.66709 0 17.1701 0 0 18.7341 0.211586 0 0 0
102 1000.00 1190.39 0.181797 40.4109 0 0 0 0 11.7844 0.192625 47.195 0 0 0.417109 0 0 0 0
130 4000.00 1150.66 0.758337 50.995 0.446907 4.59908 1.8365 0 4.54374 0 16.4738 0 0 20.9765 0.128434 0 0 0
132 7000.00 1175.92 0.635500 50.9142 0.451253 5.04582 1.68631 0 5.49026 0 17.0947 0 0 19.146 0.171411 0 0 0
122 10000.00 1215.49 0.613337 50.8525 0.422972 5.38413 1.58127 0 5.69797 0 17.094 0 0 18.7531 0.214043 0 0 0
103 1000.00 1188.39 0.180436 40.3974 0 0 0 0 11.8546 0.193592 47.1361 0 0 0.418357 0 0 0 0
131 4000.00 1148.65 0.744058 50.933 0.459975 4.65235 1.85614 0 4.58037 0 16.4222 0 0 20.9661 0.129831 0 0 0
133 7000.00 1173.92 0.624136 50.8491 0.463888 5.10377 1.70435 0 5.5271 0 17.0298 0 0 19.1487 0.173334 0 0 0
104 1000.00 1186.39 0.179089 40.3838 0 0 0 0 11.9253 0.194564 47.0768 0 0 0.419605 0 0 0 0
132 4000.00 1146.65 0.730116 50.8705 0.473338 4.70595 1.87592 0 4.61724 0 16.3702 0 0 20.9556 0.131244 0 0 00
105 1000.00 1184.39 0.177754 40.3701 0 0 0 0 11.9964 0.195542 47.0171 0 0 0.420854 0 0 0 0
133 4000.00 1144.64 0.716501 50.8074 0.486999 4.75987 1.89584 0 4.65436 0 16.3177 0 0 20.9451 0.132675 0 0 0
134 7000.00 1171.92 0.613020 50.7834 0.476792 5.16205 1.7225 0 5.56419 0 16.9645 0 0 19.1513 0.175281 0 0 0
124 10000.00 1211.49 0.591690 50.7186 0.446802 5.50789 1.61567 0 5.76081 0 16.9419 0 0 18.7893 0.21904 0 0 0
134 4000.00 1142.64 0.703202 50.7437 0.500963 4.81413 1.9159 0 4.69171 0 16.2648 0 0 20.9347 0.134124 0 0 0
106 1000.00 1182.38 0.176431 40.3564 0 0 0 0 12.068 0.196526 46.957 0 0 0.422102 0 0 0 0
125 10000.00 1209.50 0.581213 50.651 0.459076 5.57017 1.633 0 5.79276 0 16.8659 0 0 18.8065 0.22158 0 0 0
135 7000.00 1169.92 0.602144 50.7172 0.48997 5.22066 1.74078 0 5.60151 0 16.8989 0 0 19.1538 0.177253 0 0 0
135 4000.00 1140.63 0.690212 50.6794 0.515235 4.86872 1.93611 0 4.72931 0 16.2115 0 0 20.9242 0.135589 0 0 0
107 1000.00 1180.38 0.175121 40.3425 0 0 0 0 12.1401 0.197516 46.8965 0 0 0.42335 0 0 0 0
126 10000.00 1207.50 0.570960 50.5831 0.471593 5.63272 1.65042 0 5.82505 0 16.7899 0 0 18.8231 0.224149 0 0 0
136 7000.00 1167.92 0.591502 50.6504 0.503427 5.2796 1.75917 0 5.63907 0 16.8329 0 0 19.1561 0.17925 0 0 0
108 1000.00 1178.38 0.173823 40.3286 0 0 0 0 12.2127 0.198512 46.8356 0 0 0.424598 0 0 0 0
136 4000.00 1138.63 0.677520 50.6144 0.529819 4.92364 1.95646 0 4.76715 0 16.1577 0 0 20.9138 0.137073 0 0 0
127 10000.00 1205.50 0.560935 50.5147 0.484357 5.69554 1.66793 0 5.85767 0 16.7138 0 0 18.8392 0.226748 0 0 0
137 7000.00 1165.92 0.581087 50.5831 0.517165 5.33887 1.77769 0 5.67685 0 16.7666 0 0 19.1584 0.181272 0 0 0
137 4000.00 1136.63 0.665117 50.5488 0.54472 4.97889 1.97696 0 4.80523 0 16.1034 0 0 20.9034 0.138575 0 0 0
109 1000.00 1176.38 0.172537 40.3145 0 0 0 0 12.2858 0.199514 46.7743 0 0 0.425847 0 0 0 0
128 10000.00 1203.51 0.551157 50.4459 0.49737 5.75863 1.68554 0 5.89062 0 16.6377 0 0 18.8549 0.229377 0 0 0
138 7000.00 1163.92 0.570895 50.5153 0.531191 5.39847 1.79633 0 5.71487 0 16.7 0 0 19.1605 0.183321 0 0 0
138 4000.00 1134.62 0.652996 50.4826 0.559943 5.03448 1.99761 0 4.84354 0 16.0487 0 0 20.893 0.140095 0 0 0
129 10000.00 1201.51 0.541587 50.3767 0.510635 5.82198 1.70324 0 5.92389 0 16.5615 0 0 18.87 0.232036 0 0 0
110 1000.00 1174.37 0.171263 40.3004 0 0 0 0 12.3594 0.200522 46.7126 0 0 0.427096 0 0 0 0
139 7000.00 1161.92 0.560919 50.4469 0.545508 5.45841 1.8151 0 5.75311 0 16.633 0 0 19.1626 0.185395 0 0 0
139 4000.00 1132.62 0.641148 50.4158 0.575492 5.09039 2.01841 0 4.88209 0 15.9935 0 0 20.8827 0.141634 0 0 0
130 10000.00 1199.51 0.532216 50.3071 0.524157 5.88561 1.72104 0 5.95749 0 16.4852 0 0 18.8846 0.234727 0 0 0
111 1000.00 1172.37 0.170000 40.2862 0 0 0 0 12.4335 0.201536 46.6504 0 0 0.428344 0 0 0 0
140 7000.00 1159.92 0.551153 50.3779 0.56012 5.51867 1.83399 0 5.79156 0 16.5656 0 0 19.1646 0.187497 0 0 0
140 4000.00 1130.61 0.629565 50.3483 0.591373 5.14665 2.03936 0 4.92087 0 15.9378 0 0 20.8724 0.143192 0 0 0
131 10000.00 1197.51 0.523040 50.237 0.537937 5.94951 1.73894 0 5.99139 0 16.4089 0 0 18.8989 0.23745 0 0 0
141 7000.00 1157.92 0.541593 50.3084 0.575032 5.57927 1.85301 0 5.83023 0 16.4978 0 0 19.1666 0.189625 0 0 0
141 4000.00 1128.61 0.618240 50.2802 0.607589 5.20323 2.06047 0 4.95989 0 15.8817 0 0 20.8621 0.144769 0 0 0
132 10000.00 1195.52 0.514054 50.1665 0.551981 6.01368 1.75693 0 6.0256 0 16.3324 0 0 18.9127 0.240206 0 0 0
113 1000.00 1168.37 0.167511 40.2574 0 0 0 0 12.5832 0.203582 46.5249 0 0 0.430843 0 0 0 0
142 7000.00 1155.92 0.532232 50.2383 0.590249 5.6402 1.87216 0 5.86912 0 16.4297 0 0 19.1685 0.191781 0 0 0
142 4000.00 1126.60 0.607166 50.2115 0.624146 5.26016 2.08172 0 4.99914 0 15.8251 0 0 20.8519 0.146365 0 0 0
133 10000.00 1193.52 0.505253 50.0956 0.566291 6.07812 1.77503 0 6.0601 0 16.2557 0 0 18.9261 0.242994 0 0 0
114 1000.00 1166.37 0.166284 40.2429 0 0 0 0 12.6589 0.204615 46.4615 0 0 0.432093 0 0 0 0
143 7000.00 1153.92 0.523067 50.1676 0.605776 5.70147 1.89144 0 5.90821 0 16.3612 0 0 19.1704 0.193964 0 0 0
134 10000.00 1191.52 0.496634 50.0242 0.58087 6.14284 1.79323 0 6.0949 0 16.179 0 0 18.9392 0.245815 0 0 0
143 4000.00 1124.60 0.596336 50.142 0.641049 5.31741 2.10314 0 5.03861 0 15.768 0 0 20.8417 0.147982 0 0 0
115 1000.00 1164.36 0.165068 40.2283 0 0 0 0 12.7351 0.205655 46.3977 0 0 0.433343 0 0 0 0
135 10000.00 1189.53 0.488192 49.9523 0.595724 6.20783 1.81153 0 6.12998 0 16.102 0 0 18.9519 0.248671 0 0 0
144 7000.00 1151.92 0.514091 50.0963 0.621617 5.76306 1.91085 0 5.9475 0 16.2922 0 0 19.1722 0.196176 0 0 0
144 4000.00 1122.59 0.585742 50.072 0.658303 5.37501 2.12471 0 5.07832 0 15.7105 0 0 20.8316 0.149618 0 0 0
116 1000.00 1162.36 0.163863 40.2136 0 0 0 0 12.8118 0.2067 46.3334 0 0 0.434594 0 0 0 0
145 7000.00 1149.92 0.505301 50.0245 0.637776 5.82499 1.93039 0 5.98699 0 16.2229 0 0 19.174 0.198416 0 0 0
136 10000.00 1187.53 0.479923 49.88 0.610855 6.2731 1.82994 0 6.16534 0 16.0249 0 0 18.9643 0.25156 0 0 0
145 4000.00 1120.59 0.575378 50.0012 0.675913 5.43294 2.14644 0 5.11825 0 15.6524 0 0 20.8215 0.151274 0 0 0
117 1000.00 1160.36 0.162670 40.1987 0 0 0 0 12.889 0.207753 46.2687 0 0 0.435845 0 0 0 0
146 7000.00 1147.92 0.496692 49.9521 0.65426 5.88725 1.95007 0 6.02668 0 16.1532 0 0 19.1758 0.200685 0 0 0
137 10000.00 1185.53 0.471822 49.8073 0.626267 6.33863 1.84846 0 6.20097 0 15.9476 0 0 18.9763 0.254485 0 0 0
118 1000.00 1158.36 0.161488 40.1838 0 0 0 0 12.9668 0.208812 46.2035 0 0 0.437097 0 0 0 0
146 4000.00 1118.59 0.565239 49.9298 0.693883 5.49121 2.16833 0 5.1584 0 15.5939 0 0 20.8115 0.15295 0 0 0
147 7000.00 1145.92 0.488259 49.879 0.671073 5.94984 1.96989 0 6.06656 0 16.083 0 0 19.1776 0.202983 0 0 0
138 10000.00 1183.53 0.463886 49.734 0.641963 6.40444 1.86709 0 6.23687 0 15.8701 0 0 18.9881 0.257445 0 0 0
147 4000.00 1116.58 0.555317 49.8577 0.712219 5.54981 2.19038 0 5.19877 0 15.5349 0 0 20.8016 0.154648 0 0 0
119 1000.00 1156.35 0.160317 40.1688 0 0 0 0 13.0452 0.209877 46.1378 0 0 0.43835 0 0 0 0
148 7000.00 1143.92 0.479999 49.8054 0.68822 6.01276 1.98984 0 6.10663 0 16.0125 0 0 19.1794 0.205312 0 0 0
120 1000.00 1154.35 0.159157 40.1536 0 0 0 0 13.1241 0.21095 46.0717 0 0 0.439603 0 0 0 0
148 4000.00 1114.58 0.545608 49.7849 0.730926 5.60875 2.2126 0 5.23936 0 15.4754 0 0 20.7917 0.156366 0 0 0
139 10000.00 1181.54 0.456112 49.6603 0.657949 6.47053 1.88583 0 6.27303 0 15.7924 0 0 18.9995 0.26044 0 0 0
149 7000.00 1141.92 0.471906 49.7311 0.705707 6.07602 2.00994 0 6.14689 0 15.9415 0 0 19.1812 0.20767 0 0 0
121 1000.00 1152.35 0.158008 40.1384 0 0 0 0 13.2036 0.212029 46.0052 0 0 0.440858 0 0 0 0
140 10000.00 1179.54 0.448494 49.5861 0.674227 6.53688 1.90468 0 6.30945 0 15.7145 0 0 19.0107 0.263472 0 0 0
149 4000.00 1112.57 0.536104 49.7115 0.750009 5.66803 2.23498 0 5.28016 0 15.4153 0 0 20.7819 0.158105 0 0 0
150 7000.00 1139.93 0.463977 49.6563 0.723539 6.13961 2.03017 0 6.18732 0 15.8701 0 0 19.183 0.210058 0 0 0
122 1000.00 1150.35 0.156869 40.123 0 0 0 0 13.2836 0.213116 45.9382 0 0 0.442113 0 0 0 0
141 10000.00 1177.54 0.441031 49.5114 0.690802 6.60351 1.92364 0 6.34613 0 15.6363 0 0 19.0217 0.26654 0 0 0
151 7000.00 1137.93 0.456208 49.5808 0.741721 6.20353 2.05055 0 6.22793 0 15.7982 0 0 19.1848 0.212478 0 0 0
150 4000.00 1110.57 0.526802 49.6373 0.769473 5.72764 2.25752 0 5.32118 0 15.3548 0 0 20.7722 0.159866 0 0 0
142 10000.00 1175.55 0.433717 49.4362 0.707678 6.67042 1.94272 0 6.38305 0 15.5579 0 0 19.0323 0.269646 0 0 0
123 1000.00 1148.34 0.155742 40.1075 0 0 0 0 13.3642 0.214209 45.8706 0 0 0.44337 0 0 0 0
152 7000.00 1135.93 0.448595 49.5047 0.76026 6.26778 2.07107 0 6.26871 0 15.726 0 0 19.1866 0.214928 0 0 0
151 4000.00 1108.56 0.517696 49.5625 0.789324 5.7876 2.28024 0 5.36241 0 15.2938 0 0 20.7626 0.161648 0 0 0
143 10000.00 1173.55 0.426550 49.3605 0.724859 6.73759 1.96192 0 6.42022 0 15.4793 0 0 19.0428 0.272789 0 0 0
124 1000.00 1146.34 0.154625 40.092 0 0 0 0 13.4454 0.215309 45.8027 0 0 0.444627 0 0 0 0
152 4000.00 1106.56 0.508779 49.4869 0.809566 5.84789 2.30312 0 5.40385 0 15.2322 0 0 20.753 0.163452 0 0 0
153 7000.00 1133.93 0.441134 49.4279 0.77916 6.33236 2.09174 0 6.30965 0 15.6533 0 0 19.1885 0.21741 0 0 0
153 4000.00 1104.56 0.500049 49.4106 0.830206 5.90851 2.32618 0 5.4455 0 15.1702 0 0 20.7435 0.165279 0 0 0
144 10000.00 1171.55 0.419526 49.2844 0.742349 6.80504 1.98123 0 6.45762 0 15.4004 0 0 19.053 0.27597 0 0 0
154 7000.00 1131.93 0.433822 49.3506 0.798428 6.39727 2.11256 0 6.35076 0 15.5801 0 0 19.1904 0.219923 0 0 0
126 1000.00 1142.34 0.152422 40.0605 0 0 0 0 13.6097 0.217532 45.6652 0 0 0.447146 0 0 0 0
155 7000.00 1129.93 0.426656 49.2725 0.81807 6.46251 2.13352 0 6.39203 0 15.5065 0 0 19.1923 0.222469 0 0 0
145 10000.00 1169.55 0.412643 49.2077 0.760153 6.87276 2.00067 0 6.49527 0 15.3212 0 0 19.063 0.279189 0 0 0
154 4000.00 1102.55 0.491499 49.3337 0.851248 5.96947 2.3494 0 5.48734 0 15.1076 0 0 20.7342 0.167127 0 0 0
127 1000.00 1140.34 0.151336 40.0445 0 0 0 0 13.6927 0.218654 45.5957 0 0 0.448407 0 0 0 0
156 7000.00 1127.93 0.419632 49.1939 0.838091 6.52808 2.15464 0 6.43345 0 15.4325 0 0 19.1943 0.225046 0 0 0
146 10000.00 1167.56 0.405896 49.1305 0.778274 6.94075 2.02023 0 6.53314 0 15.2418 0 0 19.0729 0.282447 0 0 0
155 4000.00 1100.55 0.483125 49.256 0.872698 6.03077 2.3728 0 5.52939 0 15.0445 0 0 20.7249 0.168998 0 0 0
128 1000.00 1138.33 0.150261 40.0285 0 0 0 0 13.7763 0.219784 45.5257 0 0 0.44967 0 0 0 0
157 7000.00 1125.93 0.412746 49.1146 0.858499 6.59398 2.17591 0 6.47503 0 15.358 0 0 19.1963 0.227657 0 0 0
147 10000.00 1165.56 0.399283 49.0528 0.796718 7.009 2.03992 0 6.57125 0 15.1621 0 0 19.0825 0.285744 0 0 0
129 1000.00 1136.33 0.149195 40.0123 0 0 0 0 13.8606 0.220921 45.4553 0 0 0.450934 0 0 0 0
156 4000.00 1098.54 0.474922 49.1775 0.894561 6.0924 2.39638 0 5.57163 0 14.9809 0 0 20.7157 0.170891 0 0 0
158 7000.00 1123.93 0.405995 49.0346 0.8793 6.66021 2.19733 0 6.51674 0 15.2831 0 0 19.1984 0.2303 0 0 0
130 1000.00 1134.33 0.148140 39.9961 0 0 0 0 13.9454 0.222065 45.3842 0 0 0.4522 0 0 0 0
159 7000.00 1121.93 0.399377 48.954 0.900501 6.72677 2.21891 0 6.5586 0 15.2077 0 0 19.2006 0.232977 0 0 0 0
160 7000.00 1119.93 0.392888 48.8727 0.922107 6.79365 2.24065 0 6.6006 0 15.1318 0 0 19.2028 0.235687 0 0 0
131 1000.00 1132.33 0.147095 39.9797 0 0 0 0 14.0309 0.223218 45.3127 0 0 0.453467 0 0 0 0
158 4000.00 1094.53 0.459014 49.0185 0.939547 6.21667 2.44406 0 5.65669 0 14.8521 0 0 20.6977 0.174746 0 0 0
149 10000.00 1161.56 0.386447 48.8958 0.834591 7.14632 2.07966 0 6.64814 0 15.0019 0 0 19.1012 0.292456 0 0 0
161 7000.00 1117.93 0.386526 48.7907 0.944127 6.86085 2.26255 0 6.64273 0 15.0555 0 0 19.2051 0.238431 0 0 0
159 4000.00 1092.53 0.451300 48.9379 0.962682 6.2793 2.46817 0 5.69949 0 14.787 0 0 20.6888 0.176709 0 0 0
150 10000.00 1159.57 0.380218 48.8165 0.85403 7.21538 2.09973 0 6.68691 0 14.9213 0 0 19.1103 0.295872 0 0 0
132 1000.00 1130.32 0.146060 39.9631 0 0 0 0 14.1171 0.224378 45.2406 0 0 0.454737 0 0 0 0
151 10000.00 1157.57 0.374111 48.7366 0.87381 7.2847 2.11993 0 6.7259 0 14.8405 0 0 19.1192 0.299328 0 0 0 0
162 7000.00 1115.93 0.380286 48.708 0.966567 6.92838 2.2846 0 6.68498 0 14.9788 0 0 19.2075 0.241209 0 0 0
161 4000.00 1088.52 0.436332 48.7744 1.01026 6.40555 2.51693 0 5.78566 0 14.6551 0 0 20.6715 0.180703 0 0 0
133 1000.00 1128.32 0.985581 51.0297 0.420364 4.27002 2.04028 0 3.89078 0 16.0592 0 0 22.1935 0.0962276 0 0 0
152 10000.00 1155.57 0.368124 48.6563 0.893937 7.35429 2.14026 0 6.7651 0 14.7593 0 0 19.128 0.302826 0 0 0
162 4000.00 1086.52 0.429070 48.6915 1.03471 6.46917 2.54158 0 5.82901 0 14.5883 0 0 20.663 0.182736 0 0 0
164 7000.00 1111.93 0.368167 48.5406 1.01274 7.06441 2.32921 0 6.76985 0 14.8239 0 0 19.2125 0.246868 0 0 0
153 10000.00 1153.58 0.362254 48.5754 0.914414 7.42413 2.16073 0 6.80451 0 14.6779 0 0 19.1366 0.306364 0 0 069589
163 4000.00 1084.51 0.421952 48.6079 1.05962 6.53311 2.56642 0 5.87252 0 14.521 0 0 20.6546 0.184792 0 0 0
154 10000.00 1151.58 0.356497 48.4939 0.935249 7.49424 2.18133 0 6.84413 0 14.5961 0 0 19.1451 0.309943 0 0 0
164 4000.00 1082.51 0.414973 48.5235 1.08498 6.59738 2.59144 0 5.91621 0 14.4532 0 0 20.6463 0.186872 0 0 0
135 1000.00 1124.32 1.118685 49.8851 0.441942 4.32797 2.06195 0 3.89986 0 15.6218 0 0 21.7366 0.0976492 0 0 1.92703
155 10000.00 1149.58 0.350853 48.4119 0.956445 7.56461 2.20207 0 6.88395 0 14.514 0 0 19.1535 0.313564 0 0 0
166 7000.00 1107.93 0.356507 48.3704 1.06068 7.20172 2.37448 0 6.85516 0 14.6671 0 0 19.2178 0.252665 0 0 0
165 4000.00 1080.50 0.408131 48.4384 1.1108 6.66197 2.61664 0 5.96006 0 14.3849 0 0 20.6382 0.188976 0 0 0
156 10000.00 1147.58 0.345318 48.3293 0.978008 7.63523 2.22295 0 6.92397 0 14.4316 0 0 19.1617 0.317227 0 0 0436
157 10000.00 1145.59 0.339889 48.2462 0.999944 7.7061 2.24397 0 6.96419 0 14.3489 0 0 19.1698 0.320932 0 0 0
167 7000.00 1105.93 0.350844 48.2842 1.08534 7.27085 2.39736 0 6.89797 0 14.588 0 0 19.2206 0.255616 0 0 01.92166
166 4000.00 1078.50 0.401421 48.3525 1.13709 6.72688 2.64203 0 6.00407 0 14.3161 0 0 20.6302 0.191104 0 0 0
158 10000.00 1143.59 0.334565 48.1625 1.02226 7.77723 2.26513 0 7.00461 0 14.2658 0 0 19.1778 0.324679 0 0 0
138 1000.00 1118.31 1.027583 49.6386 0.4894 4.54502 2.15669 0 4.03017 0 15.4248 0 0 21.6935 0.102833 0 0 1.91892
168 7000.00 1103.93 0.345288 48.1973 1.11046 7.34029 2.42042 0 6.94088 0 14.5085 0 0 19.2235 0.258602 0 0 0
167 4000.00 1076.49 0.394842 48.2658 1.16384 6.7921 2.66761 0 6.04823 0 14.2467 0 0 20.6224 0.193256 0 0 0
159 10000.00 1141.59 0.329344 48.0782 1.04496 7.84861 2.28644 0 7.04521 0 14.1824 0 0 19.1857 0.328468 0 0 0
139 1000.00 1116.31 0.999565 49.5552 0.50593 4.61799 2.18868 0 4.07404 0 15.3583 0 0 21.6792 0.104596 0 0 1.91614
160 10000.00 1139.60 0.324222 47.9933 1.06805 7.92023 2.3079 0 7.08601 0 14.0987 0 0 19.1935 0.3323 0 0 0 0
170 7000.00 1099.94 0.334488 48.0214 1.16214 7.48012 2.46706 0 7.02696 0 14.348 0 0 19.2297 0.264679 0 0 0
140 1000.00 1114.31 0.972620 49.471 0.522821 4.69125 2.22088 0 4.11812 0 15.2913 0 0 21.6649 0.106377 0 0 1
161 10000.00 1137.60 0.319198 47.9079 1.09153 7.9921 2.32951 0 7.12699 0 14.0147 0 0 19.2011 0.336174 0 0 0
171 7000.00 1097.94 0.329240 47.9323 1.18872 7.55051 2.49064 0 7.07013 0 14.267 0 0 19.2329 0.26777 0 0 0
141 1000.00 1112.30 0.946694 49.3863 0.540076 4.7648 2.25329 0 4.16242 0 15.2238 0 0 21.6507 0.108176 0 0 1.91045
170 4000.00 1070.48 0.375847 48.0013 1.24698 6.98962 2.74547 0 6.18163 0 14.0355 0 0 20.5997 0.199857 0 0 0
172 7000.00 1095.94 0.324090 47.8424 1.2158 7.62119 2.5144 0 7.11336 0 14.1856 0 0 19.2363 0.270897 0 0 0
162 10000.00 1135.60 0.314269 47.8219 1.11542 8.06421 2.35126 0 7.16816 0 13.9303 0 0 19.2087 0.340091 0 0 0
171 4000.00 1068.48 0.369754 47.9115 1.27566 7.05606 2.7718 0 6.22637 0 13.964 0 0 20.5925 0.202105 0 0 0
142 1000.00 1110.30 0.921735 49.3009 0.5577 4.83865 2.28592 0 4.20693 0 15.1559 0 0 21.6365 0.109993 0 0 1.90754
163 10000.00 1133.60 0.309434 47.7352 1.13972 8.13655 2.37317 0 7.20951 0 13.8456 0 0 19.2162 0.344051 0 0 0
172 4000.00 1066.47 0.363776 47.821 1.30484 7.1228 2.79832 0 6.27126 0 13.892 0 0 20.5853 0.204378 0 0 0
143 1000.00 1108.30 0.897697 49.2148 0.575695 4.91278 2.31876 0 4.25165 0 15.0876 0 0 21.6223 0.111829 0 0 1.90458
173 4000.00 1064.47 0.357908 47.7298 1.3345 7.18983 2.82503 0 6.31627 0 13.8196 0 0 20.5784 0.206675 0 0 0
164 10000.00 1131.61 0.304690 47.648 1.16443 8.20913 2.39523 0 7.25103 0 13.7605 0 0 19.2236 0.348053 0 0 0
174 7000.00 1091.94 0.380132 38.689 1.26017 15.9164 4.89267 0 9.06697 0 14.2952 0 0 15.6544 0.225203 0 0 0
144 1000.00 1106.30 0.874532 49.1281 0.594065 4.9872 2.35181 0 4.2966 0 15.0188 0 0 21.6082 0.113683 0 0 1.90158
174 4000.00 1062.46 0.352150 47.6377 1.36466 7.25715 2.85192 0 6.36141 0 13.7466 0 0 20.5715 0.208996 0 0 0
165 10000.00 1129.61 0.300036 47.5602 1.18957 8.28195 2.41744 0 7.29274 0 13.6751 0 0 19.2309 0.352099 0 0 0
175 7000.00 1089.94 0.383442 37.3583 1.28666 17.0587 5.26975 0 9.40084 0 14.2203 0 0 15.1848 0.220563 0 0 0
145 1000.00 1104.29 0.852200 49.0407 0.612813 5.06189 2.38508 0 4.34175 0 14.9496 0 0 21.5941 0.115556 0 0 1.89853
175 4000.00 1060.46 0.346497 47.5449 1.39533 7.32473 2.879 0 6.40668 0 13.6731 0 0 20.5649 0.211341 0 0 0
176 7000.00 1087.94 0.375882 37.2101 1.31542 17.1229 5.34124 0 9.48844 0 14.1064 0 0 15.1927 0.222817 0 0 0
146 1000.00 1102.29 0.830660 48.9527 0.631941 5.13685 2.41857 0 4.38712 0 14.8799 0 0 21.58 0.117448 0 0 1.89543
176 4000.00 1058.45 0.524846 32.9663 3.03112 10.1299 14.4536 0 13.2503 0 11.7524 0 0 14.2686 0.147864 0 0 0
177 7000.00 1085.94 0.368553 37.0591 1.34473 17.1869 5.41506 0 9.57879 0 13.9917 0 0 15.1986 0.225064 0 0 0
166 10000.00 1127.61 0.702424 40.6508 0 22.9944 0 0 16.2153 0 13.1451 0 0 6.99444 0 0 0 0
147 1000.00 1100.29 0.809875 48.864 0.651453 5.21207 2.45227 0 4.4327 0 14.8098 0 0 21.566 0.119358 0 0 1.89227
177 4000.00 1056.45 0.469402 35.2309 2.74795 9.74827 12.6428 0 12.2017 0 12.0056 0 0 15.2631 0.159612 0 0 0
167 10000.00 1125.61 0.428232 40.6207 0 22.9774 0 0 16.3038 0 13.0025 0 0 7.09561 0 0 0 0
178 7000.00 1083.94 0.361448 36.9051 1.37464 17.2509 5.49138 0 9.67202 0 13.8762 0 0 15.2024 0.227303 0 0 0
148 1000.00 1098.29 0.789809 48.7747 0.671353 5.28756 2.48619 0 4.4785 0 14.7393 0 0 21.552 0.121289 0 0 1.88907
178 4000.00 1054.45 0.455850 35.251 2.71872 9.7973 12.6137 0 12.2035 0 11.9675 0 0 15.2869 0.161326 0 0 0
179 7000.00 1081.94 0.354561 36.748 1.40516 17.3147 5.57038 0 9.76824 0 13.7597 0 0 15.2042 0.229533 0 0 0
168 10000.00 1123.62 0.422066 40.5906 0 22.9603 0 0 16.3922 0 12.8598 0 0 7.19704 0 0 0 0
179 4000.00 1052.44 0.442886 35.2689 2.69003 9.84823 12.5847 0 12.2054 0 11.9292 0 0 15.3105 0.163064 0 0 0
149 1000.00 1096.28 0.770429 48.6848 0.691641 5.3633 2.52034 0 4.5245 0 14.6683 0 0 21.5381 0.123238 0 0 1.88581
169 10000.00 1121.62 0.415933 40.5605 0 22.9433 0 0 16.4804 0 12.7171 0 0 7.2987 0 0 0 0
180 7000.00 1079.94 0.347886 36.5877 1.43633 17.3782 5.65225 0 9.86758 0 13.6422 0 0 15.2039 0.231751 0 0 0
150 1000.00 1094.28 0.751705 48.5942 0.712322 5.43929 2.5547 0 4.57072 0 14.5969 0 0 21.5242 0.125207 0 0 1.88249
181 7000.00 1077.94 0.341415 36.424 1.46816 17.4414 5.73719 0 9.9702 0 13.5236 0 0 15.2015 0.233956 0 0 0
170 10000.00 1119.62 0.522126 45.1666 1.18981 12.3148 1.98136 0 9.43019 0 12.6932 0 0 16.9396 0.284454 0 0 0
151 1000.00 1092.28 0.733605 48.5029 0.733398 5.51552 2.58929 0 4.61714 0 14.5251 0 0 21.5104 0.127196 0 0 1.87911
180 4000.00 1050.44 0.436634 34.4437 2.41843 12.0578 11.7955 0 11.881 0 12.2675 0 0 14.9751 0.160959 0 0 0
171 10000.00 1117.63 0.429393 42.0117 0.418888 19.3873 0.673392 0 14.3242 0 12.4884 0 0 10.5998 0.0963652 0 0 0
152 1000.00 1090.28 0.716103 48.411 0.75487 5.59199 2.6241 0 4.66377 0 14.4528 0 0 21.4966 0.129205 0 0 1.87567
183 7000.00 1073.94 0.329064 36.0858 1.53395 17.5661 5.91713 0 10.1858 0 13.2826 0 0 15.1902 0.238315 0 0 0
172 10000.00 1115.63 0.420857 41.932 0.4378 19.4267 0.679024 0 14.4254 0 12.3455 0 0 10.6568 0.0968176 0 0 0
181 4000.00 1048.43 0.425071 34.3556 2.37845 12.327 11.6918 0 11.8651 0 12.2589 0 0 14.9608 0.162289 0 0 0
153 1000.00 1088.28 0.699171 48.3185 0.776742 5.66868 2.65913 0 4.71061 0 14.3801 0 0 21.4828 0.131233 0 0 1.87217
184 7000.00 1071.94 0.323171 35.9112 1.56797 17.6273 6.01258 0 10.2991 0 13.16 0 0 15.1813 0.240465 0 0 0
173 10000.00 1113.63 0.412510 41.8517 0.458203 19.4643 0.685151 0 14.5264 0 12.2025 0 0 10.7145 0.0972885 0 0 0
154 1000.00 1086.27 0.682786 48.2254 0.799015 5.7456 2.69439 0 4.75765 0 14.307 0 0 21.4691 0.133281 0 0 1.8686
185 7000.00 1069.94 0.317459 35.7327 1.60279 17.6874 6.11202 0 10.4163 0 13.036 0 0 15.1702 0.242593 0 0 0
174 10000.00 1111.63 0.404361 41.7705 0.480435 19.4998 0.691948 0 14.6265 0 12.0593 0 0 10.7737 0.0977949 0 0 0
155 1000.00 1084.27 0.666923 48.1316 0.82169 5.82273 2.72986 0 4.8049 0 14.2334 0 0 21.4555 0.13535 0 0 1.86496
183 4000.00 1044.42 0.402139 34.342 2.34999 12.4373 11.6363 0 11.8996 0 12.1646 0 0 15.0044 0.1658 0 0 0
186 7000.00 1067.94 0.311921 35.5504 1.63843 17.7461 6.21568 0 10.5375 0 12.9104 0 0 15.1568 0.244696 0 0 0
175 10000.00 1109.64 0.396413 41.6885 0.504922 19.5327 0.699619 0 14.7251 0 11.9156 0 0 10.8353 0.0983554 0 0 0
156 1000.00 1082.27 0.651560 48.0372 0.844769 5.90007 2.76556 0 4.85234 0 14.1594 0 0 21.4419 0.137439 0 0 1.86126
184 4000.00 1042.42 0.391349 34.3342 2.33645 12.4917 11.6097 0 11.9172 0 12.1167 0 0 15.0264 0.167595 0 0 0
187 7000.00 1065.94 0.306551 35.3642 1.67493 17.803 6.32382 0 10.6628 0 12.7832 0 0 15.1412 0.246773 0 0 0
176 10000.00 1107.64 0.388676 41.6052 0.532214 19.5625 0.708409 0 14.8214 0 11.7712 0 0 10.9001 0.0989909 0 0 0
157 1000.00 1080.27 0.636676 47.9422 0.868254 5.97761 2.80149 0 4.89999 0 14.085 0 0 21.4284 0.139547 0 0 1.85748
185 4000.00 1040.42 0.380980 34.3259 2.32336 12.5457 11.5838 0 11.935 0 12.0683 0 0 15.0486 0.169418 0 0 0
188 7000.00 1063.94 0.301343 35.1743 1.71232 17.8579 6.43669 0 10.7924 0 12.6542 0 0 15.1234 0.24882 0 0 0
177 10000.00 1105.64 0.381157 41.5202 0.563043 19.5888 0.718616 0 14.9145 0 11.626 0 0 10.9692 0.099725 0 0 0
186 4000.00 1038.41 0.371008 34.3171 2.31069 12.5992 11.5585 0 11.9529 0 12.0195 0 0 15.0709 0.171268 0 0 0
158 1000.00 1078.26 0.622250 47.8465 0.892145 6.05534 2.83763 0 4.94783 0 14.0102 0 0 21.415 0.141677 0 0 1.85363
189 7000.00 1061.95 0.296291 34.9806 1.75065 17.9102 6.55455 0 10.9264 0 12.5235 0 0 15.1033 0.250838 0 0 0
187 4000.00 1036.41 0.361415 34.3077 2.29842 12.6522 11.5339 0 11.9711 0 11.9702 0 0 15.0933 0.173146 0 0 0
178 10000.00 1103.65 0.373868 41.4328 0.598398 19.611 0.730613 0 15.0031 0 11.4795 0 0 11.0439 0.100585 0 0 0
159 1000.00 1076.26 0.608264 47.7503 0.916444 6.13326 2.874 0 4.99587 0 13.935 0 0 21.4016 0.143826 0 0 1.84969
190 7000.00 1059.95 0.291388 34.7834 1.78995 17.9594 6.67762 0 11.0649 0 12.3909 0 0 15.081 0.252824 0 0 0
179 10000.00 1101.65 0.366825 41.342 0.639677 19.6286 0.744879 0 15.0859 0 11.3315 0 0 11.1258 0.101601 0 0 0
160 1000.00 1074.26 0.594699 47.6535 0.941149 6.21134 2.91058 0 5.0441 0 13.8594 0 0 21.3882 0.145996 0 0 1.84568
191 7000.00 1057.95 0.286627 34.5829 1.83025 18.005 6.80615 0 11.2077 0 12.2565 0 0 15.0567 0.254778 0 0 0
188 4000.00 1034.40 0.352181 34.2979 2.28653 12.7048 11.51 0 11.9895 0 11.9204 0 0 15.1159 0.175051 0 0 0
180 10000.00 1099.65 0.360055 41.246 0.688942 19.6411 0.762052 0 15.1608 0 11.1812 0 0 11.217 0.102809 0 0 0
161 1000.00 1072.26 0.581539 47.5561 0.966262 6.2896 2.94739 0 5.09252 0 13.7834 0 0 21.3749 0.148186 0 0 1.84159
189 4000.00 1032.40 0.343288 34.2877 2.27501 12.7569 11.4866 0 12.0081 0 11.8702 0 0 15.1386 0.176986 0 0 0
192 7000.00 1055.95 0.281999 34.3795 1.87159 18.0462 6.94031 0 11.3551 0 12.1203 0 0 15.0304 0.2567 0 0 0
162 1000.00 1070.25 0.568766 47.4581 0.991781 6.368 2.98442 0 5.14113 0 13.7071 0 0 21.3617 0.150397 0 0 1.83741
181 10000.00 1097.65 0.353599 41.1419 0.749438 19.6479 0.783013 0 15.2254 0 11.0277 0 0 11.3203 0.104245 0 0 0
190 4000.00 1030.39 0.334721 34.277 2.26384 12.8087 11.4637 0 12.0269 0 11.8196 0 0 15.1613 0.178948 0 0 0
193 7000.00 1053.95 0.277497 34.1736 1.91399 18.0824 7.08029 0 11.5067 0 11.9822 0 0 15.0022 0.258592 0 0 0
163 1000.00 1068.25 0.750995 46.5278 0.750522 13.4719 2.22911 0 3.84832 0 10.1045 0 0 20.3017 0.412949 0.00827657 0 2.34497
182 10000.00 1095.66 0.347536 41.0241 0.826796 19.6494 0.809067 0 15.2757 0 10.8692 0 0 11.4398 0.105941 0 0 0
191 4000.00 1028.39 0.326462 34.266 2.253 12.8601 11.4414 0 12.046 0 11.7685 0 0 15.1841 0.18094 0 0 0
194 7000.00 1051.95 0.273112 33.9657 1.95749 18.1127 7.2262 0 11.6626 0 11.8423 0 0 14.9725 0.260454 0 0 0
164 1000.00 1066.25 1.072833 45.7437 0.513223 20.0118 1.5061 0 2.63087 0 6.80026 0 0 19.2892 0.668004 0.0163429 0 2.82049
183 10000.00 1093.66 0.342032 40.88 0.932535 19.6479 0.842326 0 15.3056 0 10.7018 0 0 11.582 0.10788 0 0 0
192 4000.00 1026.38 0.318498 34.2547 2.24248 12.9111 11.4195 0 12.0652 0 11.717 0 0 15.207 0.182961 0 0 0
165 1000.00 1064.25 1.026882 45.7583 0.52089 19.9955 1.51105 0 2.67123 0 6.7973 0 0 19.2283 0.681245 0.0167195 0 2.81945
195 7000.00 1049.95 0.268836 33.7567 2.0021 18.1363 7.37813 0 11.8224 0 11.7007 0 0 14.9413 0.262291 0 0 0
193 4000.00 1024.38 0.310814 34.243 2.23226 12.9618 11.3981 0 12.0847 0 11.6652 0 0 15.23 0.185011 0 0 0
184 10000.00 1091.66 0.347706 39.266 1.86858 20.9192 0.71547 0 15.7188 0 10.2011 0 0 11.2397 0.0711375 0 0 0
166 1000.00 1062.25 0.983968 45.7735 0.528341 19.9789 1.51581 0 2.71238 0 6.79491 0 0 19.1661 0.694612 0.0170985 0 2.81831
196 7000.00 1047.95 0.264657 33.5472 2.04785 18.1521 7.53611 0 11.9859 0 11.5576 0 0 14.9091 0.264106 0 0 0
194 4000.00 1022.38 0.303397 34.231 2.22233 13.0121 11.3771 0 12.1044 0 11.6129 0 0 15.253 0.187091 0 0 0
197 7000.00 1045.95 0.260567 33.3383 2.09474 18.1592 7.7001 0 12.1526 0 11.413 0 0 14.8762 0.265905 0 0 0
195 4000.00 1020.37 0.296235 34.2188 2.21267 13.0622 11.3565 0 12.1243 0 11.5603 0 0 15.2761 0.189202 0 0 0
185 10000.00 1089.67 0.358024 38.4983 2.80608 20.644 0.928589 0 14.9823 0 9.81121 0 0 12.2429 0.086534 0 0 0
167 1000.00 1060.24 1.082958 43.8412 0.628731 20.5327 2.66451 0 3.96874 0.0177893 7.37959 0 0 17.4392 0.724935 0.018404 0 2.78421
196 4000.00 1018.37 0.289317 34.2063 2.20328 13.112 11.3363 0 12.1444 0 11.5073 0 0 15.2991 0.191343 0 0 0
186 10000.00 1087.67 0.349558 38.4141 2.81893 20.7134 0.909964 0 15.1453 0 9.68564 0 0 12.2282 0.0844955 0 0 0
198 7000.00 1043.95 0.256554 33.1309 2.14277 18.1565 7.87007 0 12.3221 0 11.2671 0 0 14.8429 0.267694 0 0 0
168 1000.00 1058.24 1.589739 37.8998 1.25461 20.5032 7.80112 0 7.31321 0.0341488 7.723 0 0 14.1329 0.70576 0.0185074 0 2.61383
197 4000.00 1016.36 0.282631 34.1935 2.19413 13.1616 11.3164 0 12.1648 0 11.4539 0 0 15.3222 0.193515 0 0 0
187 10000.00 1085.67 0.341246 38.3429 2.8236 20.7715 0.893099 0 15.3066 0 9.562 0 0 12.2175 0.0827333 0 0 0
198 4000.00 1014.36 0.276167 34.1805 2.18521 13.211 11.2967 0 12.1854 0 11.4002 0 0 15.3453 0.195719 0 0 0
169 1000.00 1056.24 1.503947 37.9496 1.25127 20.5795 7.7708 0 7.33988 0.0358391 7.63865 0 0 14.0513 0.733105 0.0192822 0 2.63083
188 10000.00 1083.67 0.333127 38.2804 2.8231 20.8216 0.877546 0 15.4666 0 9.43927 0 0 12.2104 0.0811646 0 0 0
170 1000.00 1054.24 1.424534 38.0027 1.2471 20.6585 7.73652 0 7.36255 0.0375795 7.55541 0 0 13.9704 0.761204 0.0200777 0 2.64793
200 7000.00 1039.95 0.248718 32.7254 2.24232 18.1167 8.22761 0 12.6671 0 10.9726 0 0 14.7771 0.271277 0 0 0
199 4000.00 1012.35 0.269915 34.1673 2.17652 13.2602 11.2774 0 12.2062 0 11.3461 0 0 15.3684 0.197954 0 0 0
189 10000.00 1081.68 0.325218 38.224 2.81903 20.8656 0.863018 0 15.6255 0 9.31691 0 0 12.2063 0.0797404 0 0 0
171 1000.00 1052.23 1.350991 38.059 1.24222 20.7399 7.69882 0 7.38164 0.0393724 7.47319 0 0 13.8898 0.790076 0.0208948 0 2.66508
190 10000.00 1079.68 0.317524 38.1722 2.81237 20.9048 0.849323 0 15.7835 0 9.19458 0 0 12.2048 0.0784291 0 0 0
200 4000.00 1010.35 0.263865 34.1539 2.16803 13.3093 11.2583 0 12.2273 0 11.2916 0 0 15.3914 0.200222 0 0 0
172 1000.00 1050.23 1.282838 38.1182 1.2367 20.8233 7.65813 0 7.39746 0.0412198 7.39194 0 0 13.8093 0.81974 0.0217343 0 2.68228
201 7000.00 1037.95 0.245825 32.4552 2.43486 17.4678 8.88136 0 13.0772 0 10.7044 0 0 14.7067 0.272413 0 0 0
191 10000.00 1077.68 0.310045 38.124 2.80375 20.9399 0.836327 0 15.9409 0 9.0721 0 0 12.2058 0.0772092 0 0 0
201 4000.00 1008.35 0.258010 34.1402 2.15974 13.3583 11.2393 0 12.2486 0 11.2368 0 0 15.4145 0.202522 0 0 0
173 1000.00 1048.23 1.219630 38.1802 1.23063 20.9083 7.61477 0 7.4103 0.0431237 7.3116 0 0 13.7288 0.850217 0.0225971 0 2.69949
192 10000.00 1075.68 0.302778 38.0786 2.79362 20.9717 0.823932 0 16.0978 0 8.9493 0 0 12.2089 0.0760656 0 0 0
202 4000.00 1006.34 0.252341 34.1263 2.15163 13.4073 11.2206 0 12.2702 0 11.1817 0 0 15.4375 0.204855 0 0 0
202 7000.00 1035.95 0.245478 32.0126 3.06988 14.8284 11.0087 0 14.2036 0 10.0696 0 0 14.5353 0.271835 0 0 0
193 10000.00 1073.69 0.295719 38.0356 2.78232 21.0006 0.812064 0 16.2543 0 8.8261 0 0 12.214 0.0749867 0 0 0
174 1000.00 1046.23 1.160959 38.2447 1.22406 20.9948 7.56906 0 7.4204 0.0450863 7.2321 0 0 13.6481 0.881526 0.0234839 0 2.7167
203 4000.00 1004.34 0.246850 34.1123 2.1437 13.4562 11.2019 0 12.292 0 11.1262 0 0 15.4604 0.207221 0 0 0
203 7000.00 1033.95 0.240375 31.9646 3.05251 14.9234 10.9963 0 14.2383 0 10.0075 0 0 14.5427 0.274604 0 0 0
194 10000.00 1071.69 0.288863 37.9945 2.77008 21.027 0.800668 0 16.4103 0 8.70241 0 0 12.221 0.0739641 0 0 0
175 1000.00 1044.22 1.106448 38.3118 1.21705 21.0825 7.52122 0 7.42797 0.0471094 7.15339 0 0 13.567 0.913689 0.0243959 0 2.7339
195 10000.00 1069.69 0.282204 37.955 2.7571 21.051 0.789699 0 16.5662 0 8.57819 0 0 12.2298 0.072991 0 0 0
204 4000.00 1002.33 0.241529 34.098 2.13593 13.5052 11.1834 0 12.3141 0 11.0704 0 0 15.4833 0.209622 0 0 0
176 1000.00 1042.22 1.055754 38.3814 1.20964 21.1711 7.47144 0 7.43319 0.0491952 7.07543 0 0 13.4854 0.946727 0.0253339 0 2.75109
196 10000.00 1067.70 0.275736 37.9169 2.74353 21.073 0.779121 0 16.7217 0 8.45339 0 0 12.2403 0.072062 0 0 0
205 4000.00 1000.33 0.236372 34.0835 2.12831 13.5543 11.165 0 12.3365 0 11.0143 0 0 15.5061 0.212056 0 0 0
177 1000.00 1040.22 1.008561 38.4534 1.20188 21.2606 7.41991 0 7.4362 0.0513454 6.99816 0 0 13.4033 0.980662 0.0262989 0 2.76826
197 10000.00 1065.70 0.269454 37.8799 2.72948 21.0931 0.768906 0 16.8771 0 8.32798 0 0 12.2523 0.0711728 0 0 0
206 4000.00 998.32 0.287584 36.4168 1.82222 18.1584 10.085 0 9.95432 0 7.46522 0 0 15.4966 0.58979 0.0117153 0 0
178 1000.00 1038.22 0.964585 38.5278 1.19379 21.3507 7.36675 0 7.43715 0.0535622 6.92154 0 0 13.3205 1.01551 0.0272919 0 2.7854
198 10000.00 1063.70 0.263350 37.8439 2.71507 21.1115 0.759029 0 17.0324 0 8.20194 0 0 12.2659 0.0703199 0 0 0
199 10000.00 1061.70 0.257420 37.8087 2.70037 21.1283 0.749472 0 17.1875 0 8.07524 0 0 12.2809 0.0695003 0 0 0
205 7000.00 1029.95 0.439753 39.9833 0 22.6168 0 0 19.6423 0 10.8047 0 0 6.95289 0 0 0 0
179 1000.00 1036.22 0.923564 38.6046 1.18541 21.4413 7.31208 0 7.43614 0.0558472 6.84553 0 0 13.2369 1.05131 0.0283142 0 2.80253
207 4000.00 996.32 0.359154 38.0494 1.48243 22.9369 8.90562 0 7.85263 0 4.5558 0 0 15.2735 0.921688 0.0220452 0 0
206 7000.00 1027.95 0.284821 39.9508 0 22.5984 0 0 19.7488 0 10.6569 0 0 7.04501 0 0 0 0
180 1000.00 1034.21 0.885261 38.6839 1.17677 21.5323 7.256 0 7.43327 0.0582025 6.77008 0 0 13.1525 1.08806 0.0293666 0 2.81964
201 10000.00 1057.71 0.246057 37.7404 2.67038 21.1576 0.731248 0 17.4976 0 7.81983 0 0 12.315 0.0679516 0 0 0
208 4000.00 994.31 0.352600 38.1192 1.47118 22.9782 8.88475 0 7.82833 0 4.51278 0 0 15.2452 0.937986 0.0224529 0 0
207 7000.00 1025.95 0.340301 37.6842 3.56352 20.5435 1.08112 0 15.524 0 9.53341 0 0 11.9857 0.0845111 0 0 0
181 1000.00 1032.21 0.849460 38.7655 1.16787 21.6234 7.19858 0 7.42863 0.0606297 6.69515 0 0 13.0672 1.1258 0.0304505 0 2.83673
202 10000.00 1055.71 0.240613 37.707 2.65519 21.1703 0.722556 0 17.6527 0 7.69109 0 0 12.334 0.0672186 0 0 0
182 1000.00 1030.21 0.815965 38.8496 1.15875 21.7147 7.1399 0 7.4223 0.0631308 6.62071 0 0 12.981 1.16454 0.031567 0 2.8538
209 4000.00 992.31 0.346217 38.1892 1.45973 23.0196 8.86335 0 7.80374 0 4.47062 0 0 15.2164 0.954541 0.0228661 0 0
203 10000.00 1053.72 0.235320 37.6741 2.63995 21.1817 0.71413 0 17.8077 0 7.56166 0 0 12.3542 0.066511 0 0 0
209 7000.00 1021.96 0.303916 38.293 2.44526 21.2103 0.72863 0 17.175 0 9.59085 0 0 10.4999 0.0570548 0 0 0
204 10000.00 1051.72 0.230172 37.6416 2.62468 21.192 0.705959 0 17.9628 0 7.43152 0 0 12.3756 0.0658275 0 0 0
210 4000.00 990.31 0.339998 38.2595 1.4481 23.061 8.8415 0 7.7789 0 4.42927 0 0 15.187 0.971362 0.0232852 0 0
183 1000.00 1028.21 0.784595 38.9363 1.14942 21.8059 7.08002 0 7.41434 0.0657074 6.54673 0 0 12.8938 1.20431 0.0327172 0 2.87088
205 10000.00 1049.72 0.225166 37.6094 2.60942 21.2012 0.698036 0 18.1179 0 7.30067 0 0 12.3982 0.0651668 0 0 0
210 7000.00 1019.96 0.296805 38.2594 2.42814 21.2306 0.717624 0 17.3338 0 9.46851 0 0 10.5057 0.0562536 0 0 0
211 4000.00 988.30 0.333941 38.3302 1.43632 23.1025 8.81922 0 7.75381 0 4.38867 0 0 15.1572 0.98846 0.0237103 0 0
184 1000.00 1026.20 0.755188 39.0254 1.1399 21.8969 7.01898 0 7.40481 0.0683612 6.47317 0 0 12.8055 1.24512 0.0339025 0 2.88795
206 10000.00 1047.72 0.220296 37.5775 2.5942 21.2093 0.690355 0 18.2731 0 7.1691 0 0 12.4219 0.0645279 0 0 0
212 4000.00 986.30 0.328040 38.4012 1.42442 23.1439 8.79656 0 7.72849 0 4.34875 0 0 15.1267 1.00584 0.0241419 0 0
211 7000.00 1017.96 0.289907 38.2268 2.4107 21.2492 0.706959 0 17.4921 0 9.3456 0 0 10.5132 0.055484 0 0 0
185 1000.00 1024.20 0.727595 39.1171 1.1302 21.9877 6.95683 0 7.39376 0.0710938 6.4 0 0 12.7162 1.28699 0.035124 0 2.90502
207 10000.00 1045.73 0.215557 37.5457 2.57904 21.2164 0.682909 0 18.4284 0 7.03682 0 0 12.4467 0.06391 0 0 0
212 7000.00 1015.96 0.283214 38.195 2.39302 21.2661 0.69661 0 17.6501 0 9.2221 0 0 10.5223 0.0547432 0 0 0
213 4000.00 984.29 0.322291 38.4726 1.41241 23.1852 8.77355 0 7.70293 0 4.30948 0 0 15.0957 1.02353 0.0245801 0 0
208 10000.00 1043.73 0.210945 37.5141 2.56397 21.2226 0.675692 0 18.5839 0 6.90382 0 0 12.4726 0.0633122 0 0 0
186 1000.00 1022.20 0.701681 39.2114 1.12032 22.0781 6.89361 0 7.38125 0.0739067 6.32721 0 0 12.6258 1.32994 0.0363832 0 2.92211
213 7000.00 1013.96 0.276719 38.1639 2.37519 21.2816 0.686555 0 17.8077 0 9.09802 0 0 10.533 0.0540284 0 0 0
209 10000.00 1041.73 0.206457 37.4827 2.54901 21.2278 0.668701 0 18.7395 0 6.77009 0 0 12.4994 0.0627339 0 0 0
214 4000.00 982.29 0.316692 38.5444 1.40031 23.2264 8.75021 0 7.67716 0 4.27082 0 0 15.0642 1.04151 0.0250253 0 0
187 1000.00 1020.20 0.677320 39.3083 1.11029 22.168 6.82936 0 7.3673 0.0768014 6.25476 0 0 12.5343 1.37399 0.0376812 0 2.93921
214 7000.00 1011.96 0.270414 38.1335 2.35725 21.2957 0.676777 0 17.9649 0 8.97333 0 0 10.5453 0.0533378 0 0 0
215 4000.00 980.28 0.311236 38.6168 1.38813 23.2673 8.72655 0 7.65118 0 4.23272 0 0 15.032 1.05982 0.0254777 0 0
210 10000.00 1039.73 0.202087 37.4513 2.53418 21.2322 0.66193 0 18.8953 0 6.63564 0 0 12.5273 0.0621743 0 0 0
188 1000.00 1018.19 0.654403 39.408 1.10011 22.2574 6.76407 0 7.35195 0.0797798 6.18261 0 0 12.4416 1.41916 0.0390196 0 2.95633
215 7000.00 1009.96 0.264293 38.1035 2.33927 21.3085 0.667261 0 18.1217 0 8.84803 0 0 10.559 0.0526695 0 0 0
216 4000.00 978.28 0.305921 38.6896 1.37589 23.3081 8.70259 0 7.62499 0 4.19516 0 0 14.9993 1.07845 0.0259377 0 0
189 1000.00 1016.19 0.632829 39.5104 1.08978 22.3461 6.69777 0 7.33522 0.0828438 6.11075 0 0 12.3477 1.46546 0.0404 0 2.9735
217 4000.00 976.28 0.300742 38.7631 1.36358 23.3486 8.67832 0 7.59859 0 4.15811 0 0 14.9659 1.09743 0.0264055 0 0
190 1000.00 1014.19 0.612497 39.6156 1.07933 22.4341 6.63051 0 7.31715 0.0859936 6.03918 0 0 12.2527 1.51291 0.0418234 0 2.9907
216 7000.00 1007.96 0.258349 38.074 2.32128 21.3201 0.657996 0 18.2783 0 8.72214 0 0 10.5742 0.0520223 0 0 0 0
218 4000.00 974.27 0.295696 38.8372 1.35123 23.3888 8.65375 0 7.57199 0 4.12154 0 0 14.9319 1.11675 0.0268815 0 0
217 7000.00 1005.96 0.252575 38.0448 2.30332 21.3306 0.648971 0 18.4345 0 8.59564 0 0 10.5907 0.0513947 0 0 0
213 10000.00 1033.74 0.189652 37.3575 2.49064 21.2403 0.642908 0 19.3638 0 6.2279 0 0 12.6164 0.0606029 0 0 0
219 4000.00 972.27 0.290780 38.912 1.33884 23.4287 8.62888 0 7.54519 0 4.08542 0 0 14.8972 1.13643 0.027366 0 0
218 7000.00 1003.96 0.246965 38.016 2.28543 21.3401 0.640178 0 18.5905 0 8.46854 0 0 10.6085 0.0507859 0 0 0
214 10000.00 1031.75 0.185719 37.3262 2.47649 21.2414 0.636988 0 19.5204 0 6.09052 0 0 12.6479 0.0601134 0 0 0
191 1000.00 1012.19 0.747323 42.6252 0.876832 22.5785 5.65722 0 6.77801 0 6.24245 0 0 10.5705 1.55618 0.0437666 0 3.07125
219 7000.00 1001.96 0.241513 37.9874 2.26762 21.3485 0.631608 0 18.7461 0 8.34085 0 0 10.6277 0.0501949 0 0 0
220 4000.00 970.26 0.285989 38.9875 1.32642 23.4683 8.6037 0 7.5182 0 4.04975 0 0 14.8619 1.15647 0.0278592 0 0
215 10000.00 1029.75 0.181888 37.2948 2.46255 21.2418 0.631275 0 19.6773 0 5.9524 0 0 12.6803 0.0596406 0 0 0
216 10000.00 1027.75 0.178154 37.2633 2.44882 21.2414 0.625767 0 19.8345 0 5.81354 0 0 12.7135 0.0591839 0 0 0
220 7000.00 999.96 0.236213 37.9591 2.24993 21.356 0.623255 0 18.9015 0 8.21257 0 0 10.6481 0.0496209 0 0 0
221 4000.00 968.26 0.281320 39.0638 1.31396 23.5075 8.57819 0 7.491 0 4.01449 0 0 14.8258 1.17691 0.0283615 0 0
192 1000.00 1010.18 0.716856 42.7148 0.877479 22.5883 5.62929 0 6.76365 0 6.14853 0 0 10.5476 1.6011 0.0452599 0 3.08402
221 7000.00 997.96 0.231060 37.9309 2.23238 21.3625 0.615114 0 19.0566 0 8.08371 0 0 10.6697 0.0490633 0 0 0
217 10000.00 1025.75 0.174514 37.2318 2.43533 21.2403 0.620462 0 19.992 0 5.67394 0 0 12.7474 0.0587433 0 0 0
193 1000.00 1008.18 0.688432 42.808 0.877644 22.5975 5.59965 0 6.74736 0 6.05635 0 0 10.5229 1.6469 0.0467942 0 3.09685
222 4000.00 966.25 0.276771 39.1409 1.30149 23.5464 8.55236 0 7.46361 0 3.97964 0 0 14.7891 1.19773 0.0288733 0 0
222 7000.00 995.96 0.226049 37.9028 2.21498 21.3682 0.607178 0 19.2114 0 7.95428 0 0 10.6925 0.0485213 0 0 0
218 10000.00 1023.76 0.170966 37.2001 2.42209 21.2385 0.615359 0 20.1498 0 5.53359 0 0 12.7822 0.0583186 0 0 0
223 4000.00 964.25 0.272338 39.2189 1.28899 23.5848 8.52618 0 7.43603 0 3.94519 0 0 14.7516 1.21895 0.0293948 0 0
223 7000.00 993.96 0.221174 37.8749 2.19775 21.3731 0.599445 0 19.366 0 7.82427 0 0 10.7165 0.0479946 0 0 0
194 1000.00 1006.18 0.661816 42.9042 0.877429 22.6067 5.56887 0 6.72916 0 5.96523 0 0 10.4967 1.69362 0.0483721 0 3.10977
219 10000.00 1021.76 0.167507 37.1682 2.4091 21.2361 0.610458 0 20.308 0 5.39249 0 0 12.8177 0.0579094 0 0 0
224 4000.00 962.24 0.268018 39.2978 1.27647 23.6228 8.49964 0 7.40826 0 3.91112 0 0 14.7133 1.2406 0.0299265 0 0
224 7000.00 991.96 0.216431 37.8471 2.18071 21.3772 0.591909 0 19.5203 0 7.69371 0 0 10.7417 0.0474826 0 0 0
195 1000.00 1004.18 0.636865 43.0033 0.876852 22.6156 5.53702 0 6.70913 0 5.87513 0 0 10.4689 1.74126 0.049995 0 3.12276
220 10000.00 1019.76 0.164133 37.1362 2.39638 21.233 0.605758 0 20.4666 0 5.25065 0 0 12.8539 0.0575158 0 0 0
225 7000.00 989.96 0.211814 37.8193 2.16386 21.3805 0.584566 0 19.6744 0 7.56259 0 0 10.7679 0.0469848 0 0 0
196 1000.00 1002.18 0.613449 43.1054 0.87593 22.6243 5.50414 0 6.68735 0 5.78605 0 0 10.4396 1.78982 0.0516645 0 3.13582
221 10000.00 1017.77 0.160844 37.104 2.38394 21.2292 0.601258 0 20.6255 0 5.10805 0 0 12.8909 0.0571375 0 0 0
225 4000.00 960.24 0.380472 44.7336 0.527489 23.2229 4.20325 0 8.03428 0 7.25772 0 0 10.7198 1.26829 0.0325977 0 0
226 7000.00 987.96 0.207320 37.7915 2.14722 21.3831 0.577414 0 19.8282 0 7.43093 0 0 10.7952 0.0465009 0 0 0
197 1000.00 1000.17 0.591450 43.2103 0.874678 22.6326 5.47028 0 6.66388 0 5.69796 0 0 10.4086 1.83931 0.0533823 0 3.14895
222 10000.00 1015.77 0.157635 37.0716 2.37179 21.2249 0.596958 0 20.7848 0 4.96469 0 0 12.9285 0.0567746 0 0 0
226 4000.00 958.24 0.317937 42.4088 0.76081 25.1835 5.98353 0 7.61183 0 5.11126 0 0 11.5075 1.39679 0.0359939 0 0
227 7000.00 985.96 0.202945 37.7638 2.1308 21.3849 0.570449 0 19.9818 0 7.29872 0 0 10.8235 0.0460306 0 0 0
198 1000.00 998.17 0.570761 43.3182 0.873112 22.6404 5.4355 0 6.6388 0 5.61084 0 0 10.3761 1.88973 0.0551498 0 3.16216
223 10000.00 1013.77 0.154505 37.039 2.35995 21.2199 0.592859 0 20.9445 0 4.82057 0 0 12.9668 0.056427 0 0 0
227 4000.00 956.23 0.312629 42.4717 0.763737 25.1829 5.96244 0 7.59686 0 5.05897 0 0 11.5095 1.4173 0.0365434 0 0
199 1000.00 996.17 0.551282 43.4289 0.871245 22.6477 5.39982 0 6.61216 0 5.52468 0 0 10.342 1.94107 0.0569688 0 3.17544
228 7000.00 983.97 0.198684 37.736 2.11462 21.3861 0.563669 0 20.1352 0 7.16599 0 0 10.8529 0.0455734 0 0 0
224 10000.00 1011.77 0.151451 37.0061 2.34843 21.2142 0.58896 0 21.1047 0 4.67569 0 0 13.0058 0.0560946 0 0 0
228 4000.00 954.23 0.307433 42.5356 0.7662 25.1834 5.94012 0 7.58111 0 5.00735 0 0 11.5108 1.43822 0.0371039 0 0
200 1000.00 994.17 0.532924 43.5425 0.869088 22.6544 5.3633 0 6.58404 0 5.43947 0 0 10.3063 1.99333 0.0588409 0 3.18879
229 7000.00 981.97 0.194533 37.7083 2.09866 21.3866 0.55707 0 20.2883 0 7.03274 0 0 10.8832 0.0451292 0 0 0
225 10000.00 1009.78 0.148472 36.9729 2.33724 21.208 0.585263 0 21.2653 0 4.53005 0 0 13.0454 0.0557775 0 0 0
229 4000.00 952.22 0.302349 42.6006 0.76824 25.1849 5.91673 0 7.56466 0 4.95636 0 0 11.5112 1.45955 0.0376758 0 0
201 1000.00 992.16 0.515607 43.6589 0.866655 22.6604 5.32596 0 6.55448 0 5.35519 0 0 10.2689 2.04649 0.0607677 0 3.20222
230 7000.00 979.97 0.190489 37.6805 2.08296 21.3864 0.550651 0 20.4413 0 6.89896 0 0 10.9145 0.0446976 0 0 0
226 10000.00 1007.78 0.145565 36.9394 2.32639 21.2012 0.581767 0 21.4264 0 4.38363 0 0 13.0857 0.0554758 0 0 0
230 4000.00 950.22 0.297377 42.6667 0.769894 25.1872 5.8924 0 7.54757 0 4.90595 0 0 11.5108 1.4813 0.0382594 0 0
227 10000.00 1005.78 0.142728 36.9057 2.3159 21.1939 0.578474 0 21.5879 0 4.23645 0 0 13.1265 0.0551895 0 0 0
231 4000.00 948.21 0.292515 42.7337 0.77119 25.1901 5.86724 0 7.52987 0 4.85607 0 0 11.5094 1.50348 0.0388551 0 021571
228 10000.00 1003.79 0.139960 36.8716 2.30578 21.1859 0.575384 0 21.75 0 4.08849 0 0 13.168 0.0549187 0 0 0
232 7000.00 975.97 0.182706 37.6247 2.0523 21.3843 0.538341 0 20.7467 0 6.6299 0 0 10.98 0.0438712 0 0 0
203 1000.00 988.16 0.483795 43.9 0.861005 22.6703 5.24899 0 6.49132 0 5.18942 0 0 10.1894 2.15552 0.0647919 0 3.22928
232 4000.00 946.21 0.287763 42.8019 0.772155 25.1935 5.84134 0 7.51161 0 4.80671 0 0 11.5072 1.5261 0.0394633 0 0
229 10000.00 1001.79 0.137259 36.8371 2.29604 21.1774 0.572498 0 21.9125 0 3.93976 0 0 13.21 0.0546634 0 0 0
233 7000.00 973.97 0.178961 37.5967 2.03737 21.3823 0.532446 0 20.8991 0 6.49463 0 0 11.014 0.0434761 0 0 0
233 4000.00 944.21 0.283119 42.8711 0.772811 25.1973 5.81476 0 7.49282 0 4.75783 0 0 11.5041 1.54917 0.0400844 0 0
204 1000.00 986.16 0.469170 44.0246 0.85781 22.674 5.20942 0 6.45782 0 5.10792 0 0 10.1473 2.21135 0.0668927 0 3.24291
230 10000.00 999.79 0.134623 36.8023 2.2867 21.1684 0.569817 0 22.0756 0 3.79026 0 0 13.2525 0.0544239 0 0 0
234 7000.00 971.97 0.175310 37.5686 2.0227 21.3798 0.526722 0 21.0513 0 6.35886 0 0 11.049 0.0430927 0 0 0187 0 0
205 1000.00 984.15 0.455320 44.1519 0.854382 22.6769 5.16917 0 6.42313 0 5.02733 0 0 10.1035 2.26804 0.0690549 0 3.25661
231 10000.00 997.79 0.132051 36.7671 2.27777 21.1588 0.567342 0 22.2392 0 3.63997 0 0 13.2956 0.0542002 0 0 0
235 7000.00 969.97 0.171748 37.5403 2.0083 21.3767 0.521168 0 21.2033 0 6.22262 0 0 11.0848 0.0427208 0 0 0
235 4000.00 940.20 0.274147 43.0129 0.773272 25.2056 5.75983 0 7.45375 0 4.66141 0 0 11.4952 1.59671 0.0413667 0 0
206 1000.00 982.15 0.442191 44.2817 0.850731 22.6789 5.12828 0 6.38729 0 4.94766 0 0 10.0582 2.32557 0.07128 0 3.27037
232 10000.00 995.80 0.129542 36.7315 2.26925 21.1487 0.565073 0 22.4034 0 3.48891 0 0 13.3392 0.0539924 0 0 0
236 7000.00 967.97 0.168274 37.512 1.99418 21.3731 0.515781 0 21.3552 0 6.08589 0 0 11.1214 0.0423604 0 0 0
236 4000.00 938.19 0.269816 43.0855 0.773111 25.21 5.73157 0 7.43351 0 4.61384 0 0 11.4893 1.6212 0.0420288 0 0
207 1000.00 980.15 0.429734 44.4141 0.846867 22.68 5.08678 0 6.35035 0 4.8689 0 0 10.0113 2.38392 0.0735699 0 3.2842
233 10000.00 993.80 0.127094 36.6955 2.26117 21.138 0.563011 0 22.5681 0 3.33708 0 0 13.3833 0.0538007 0 0 0
237 4000.00 936.19 0.265586 43.1592 0.772706 25.2144 5.70283 0 7.41283 0 4.56666 0 0 11.4825 1.64619 0.0427055 0 0
208 1000.00 978.15 0.417904 44.549 0.842799 22.6801 5.0447 0 6.31239 0 4.79105 0 0 9.96291 2.44307 0.075926 0 3.29809
238 7000.00 963.97 0.161578 37.455 1.96679 21.3643 0.505503 0 21.6586 0 5.81104 0 0 11.197 0.0416731 0 0 0
238 4000.00 934.18 0.261456 43.2342 0.772072 25.2188 5.67365 0 7.39171 0 4.51985 0 0 11.4747 1.67167 0.0433973 0 0
234 10000.00 991.80 0.124706 36.6591 2.25353 21.1269 0.561155 0 22.7334 0 3.18447 0 0 13.4279 0.0536251 0 0 0
209 1000.00 976.15 0.406659 44.6862 0.838538 22.6793 5.00208 0 6.27344 0 4.71412 0 0 9.91296 2.50299 0.0783501 0 3.31203
239 4000.00 932.18 0.257422 43.3104 0.771218 25.2231 5.64405 0 7.37018 0 4.47341 0 0 11.4659 1.69768 0.0441046 0 0
239 7000.00 961.97 0.158350 37.4262 1.95353 21.3592 0.500609 0 21.8102 0 5.67293 0 0 11.236 0.041346 0 0 0
235 10000.00 989.80 0.122378 36.6222 2.24633 21.1152 0.559504 0 22.8993 0 3.03109 0 0 13.4729 0.0534656 0 0 0
210 1000.00 974.14 0.395961 44.8258 0.834092 22.6774 4.95894 0 6.23356 0 4.63811 0 0 9.86152 2.56366 0.0808438 0 3.32603
240 4000.00 930.17 0.253484 43.3878 0.770155 25.2273 5.61404 0 7.34823 0 4.42732 0 0 11.4562 1.72421 0.0448279 0 0
240 7000.00 959.97 0.155199 37.3973 1.94055 21.3536 0.495878 0 21.9615 0 5.53435 0 0 11.2757 0.0410297 0 0 0
236 10000.00 987.81 0.120109 36.5849 2.23959 21.103 0.558058 0 23.0659 0 2.87694 0 0 13.5183 0.0533223 0 0 0
211 1000.00 972.14 0.385774 44.9677 0.829471 22.6745 4.91532 0 6.19281 0 4.56302 0 0 9.80861 2.62505 0.0834087 0 3.34008
241 4000.00 928.17 0.249639 43.4665 0.768891 25.2312 5.58366 0 7.32587 0 4.38156 0 0 11.4454 1.75128 0.0455678 0 0
241 7000.00 957.97 0.152123 37.3683 1.92787 21.3475 0.491307 0 22.1128 0 5.39533 0 0 11.3161 0.0407242 0 0 0
212 1000.00 970.14 0.376064 45.1117 0.824684 22.6707 4.87126 0 6.15124 0 4.48886 0 0 9.75425 2.68714 0.0860465 0 3.35418
237 10000.00 985.81 0.117899 36.5471 2.2333 21.0904 0.556813 0 23.233 0 2.72203 0 0 13.5642 0.053195 0 0 0
242 7000.00 955.97 0.149119 37.339 1.91549 21.341 0.486895 0 22.264 0 5.25586 0 0 11.3573 0.0404294 0 0 0
242 4000.00 926.17 0.245886 43.5466 0.767437 25.235 5.55292 0 7.30312 0 4.33613 0 0 11.4336 1.77891 0.0463247 0 0
238 10000.00 983.81 0.115747 36.5089 2.22745 21.0772 0.555765 0 23.4009 0 2.56638 0 0 13.6104 0.0530834 0 0 0
213 1000.00 968.14 0.366802 45.2578 0.819739 22.6657 4.82679 0 6.10891 0 4.41562 0 0 9.69848 2.74988 0.0887587 0 3.36832
243 7000.00 953.97 0.146186 37.3096 1.90342 21.334 0.482641 0 22.4151 0 5.11594 0 0 11.3991 0.0401452 0 0 0
243 4000.00 924.16 0.242222 43.6279 0.765798 25.2385 5.52182 0 7.27998 0 4.291 0 0 11.4208 1.80709 0.0470993 0 0
239 10000.00 981.82 0.113654 36.4702 2.22204 21.0636 0.554907 0 23.5694 0 2.40998 0 0 13.6569 0.0529872 0 0 0
214 1000.00 966.13 0.357959 45.4059 0.814646 22.6597 4.78193 0 6.06585 0 4.34332 0 0 9.64133 2.81325 0.0915471 0 3.38249
244 7000.00 951.97 0.201591 41.7425 0.995388 25.7567 0.250584 0 14.2589 0 3.12547 0 0 12.869 0.972614 0.0289192 0 0
215 1000.00 964.13 0.349508 45.5559 0.809412 22.6527 4.73672 0 6.02214 0 4.27196 0 0 9.58284 2.87721 0.094413 0 3.39671
244 4000.00 922.16 0.238646 43.7107 0.763981 25.2416 5.49038 0 7.25644 0 4.24617 0 0 11.407 1.83585 0.0478921 0 0
240 10000.00 979.82 0.111621 36.4311 2.21704 21.0495 0.554229 0 23.7387 0 2.25287 0 0 13.7036 0.0529057 0 0 0
245 7000.00 949.97 0.227674 43.2005 0.706294 27.1517 0.176134 0 11.6616 0 2.46913 0 0 13.3056 1.29027 0.03882 0 0
216 1000.00 962.13 0.341425 45.7078 0.804047 22.6445 4.6912 0 5.97781 0 4.20154 0 0 9.52304 2.94173 0.0973583 0 3.41095
245 4000.00 920.15 0.235155 43.7949 0.761994 25.2444 5.45861 0 7.23252 0 4.20164 0 0 11.3921 1.8652 0.0487038 0 0
241 10000.00 977.82 0.109650 36.3916 2.2124 21.035 0.553718 0 23.9088 0 2.09505 0 0 13.7506 0.0528379 0 0 0
246 7000.00 947.97 0.224474 43.267 0.699379 27.1636 0.172809 0 11.6581 0 2.39823 0 0 13.2836 1.3176 0.0397217 0 0
246 4000.00 918.15 0.231749 43.8805 0.759843 25.2468 5.42651 0 7.20821 0 4.15738 0 0 11.3761 1.89514 0.0495348 0 0
217 1000.00 960.13 0.333688 45.8614 0.79856 22.6353 4.64539 0 5.93292 0 4.13207 0 0 9.46197 3.00677 0.100384 0 3.42521
242 10000.00 975.82 0.107743 36.3517 2.20808 21.0201 0.553354 0 24.0796 0 1.93657 0 0 13.7977 0.0527822 0 0 0
247 7000.00 945.98 0.221356 43.3352 0.692341 27.1746 0.169536 0 11.6537 0 2.32786 0 0 13.2605 1.34557 0.0406478 0 0
247 4000.00 916.14 0.228425 43.9676 0.757531 25.2488 5.39408 0 7.18352 0 4.11339 0 0 11.359 1.92569 0.0503858 0 0
218 1000.00 958.12 0.326275 46.0166 0.792957 22.6251 4.59933 0 5.88752 0 4.06355 0 0 9.39967 3.0723 0.103493 0 3.43949
248 7000.00 943.98 0.218319 43.4052 0.685185 27.1848 0.166313 0 11.6485 0 2.25803 0 0 13.2362 1.37418 0.0415991 0 0
243 10000.00 973.83 0.105904 36.3116 2.20397 21.0048 0.55311 0 24.2515 0 1.77745 0 0 13.8448 0.0527364 0 0 0
248 4000.00 914.14 0.225181 44.0562 0.755066 25.2503 5.36134 0 7.15844 0 4.06967 0 0 11.3409 1.95686 0.0512576 0 0
249 7000.00 941.98 0.215360 43.4771 0.677915 27.194 0.163137 0 11.6423 0 2.18875 0 0 13.2107 1.40346 0.0425764 0 0
219 1000.00 956.12 0.319166 46.1733 0.787246 22.6138 4.55305 0 5.84165 0 3.99598 0 0 9.33618 3.13829 0.106685 0 3.45379
249 4000.00 912.14 0.222016 44.1464 0.75245 25.2513 5.32828 0 7.13298 0 4.0262 0 0 11.3216 1.98866 0.0521507 0 0
244 10000.00 971.83 0.104140 36.2713 2.19995 20.9892 0.552944 0 24.4243 0 1.61774 0 0 13.8918 0.0526972 0 0 0
250 7000.00 939.98 0.212477 43.5508 0.670533 27.2024 0.160005 0 11.6353 0 2.12003 0 0 13.184 1.43342 0.0435805 0 0
220 1000.00 954.12 0.312344 46.3315 0.781437 22.6014 4.50658 0 5.79537 0 3.92938 0 0 9.27155 3.20469 0.109964 0 3.4681
250 4000.00 910.13 0.218929 44.2381 0.74969 25.2518 5.29491 0 7.10713 0 3.98297 0 0 11.3012 2.02111 0.0530658 0 0
245 10000.00 969.83 0.102460 36.231 2.19583 20.9733 0.552799 0 24.5983 0 1.45752 0 0 13.9385 0.0526598 0 0 0
251 7000.00 937.98 0.209669 43.6263 0.663042 27.2099 0.156915 0 11.6273 0 2.05186 0 0 13.156 1.46407 0.0446123 0 0
251 4000.00 908.13 0.215916 44.3314 0.746788 25.2518 5.26123 0 7.0809 0 3.93999 0 0 11.2796 2.05421 0.0540037 0 048241
246 10000.00 967.84 0.100877 36.1909 2.19128 20.9572 0.55259 0 24.7738 0 1.29687 0 0 13.9847 0.0526168 0 0 0
252 7000.00 935.98 0.206934 43.7038 0.655443 27.2164 0.153865 0 11.6184 0 1.98427 0 0 13.1267 1.49542 0.0456728 0 0
222 1000.00 950.12 0.299493 46.6519 0.76955 22.5735 4.41318 0 5.70174 0 3.79904 0 0 9.13903 3.33858 0.116783 0 3.49672
253 7000.00 933.98 0.204271 43.7832 0.647738 27.222 0.150851 0 11.6086 0 1.91726 0 0 13.0961 1.52749 0.0467628 0 0
252 4000.00 906.12 0.212978 44.4264 0.743749 25.2512 5.22723 0 7.05428 0 3.89724 0 0 11.257 2.08798 0.054965 0 0
247 10000.00 965.84 0.099415 36.1515 2.18586 20.941 0.552184 0 24.9511 0 1.13593 0 0 14.0299 0.0525567 0 0 0
223 1000.00 948.11 0.293432 46.8138 0.763487 22.558 4.36631 0 5.65448 0 3.73532 0 0 9.07122 3.406 0.120328 0 3.51103
253 4000.00 904.12 0.210111 44.523 0.740576 25.25 5.19291 0 7.02727 0 3.85471 0 0 11.2331 2.12242 0.0559505 0 0
254 7000.00 931.98 0.201678 43.8646 0.639928 27.2266 0.147872 0 11.5978 0 1.85084 0 0 13.0642 1.5603 0.0478833 0 0
248 10000.00 963.84 0.098108 36.1133 2.17881 20.9249 0.551372 0 25.1307 0 0.974894 0 0 14.0735 0.0524614 0 0 0
224 1000.00 946.11 0.287597 46.9768 0.757354 22.5415 4.31936 0 5.60698 0 3.67257 0 0 9.00245 3.47369 0.123964 0 3.52532
255 7000.00 929.98 0.199153 43.9479 0.632013 27.2302 0.144925 0 11.5861 0 1.78501 0 0 13.0309 1.59384 0.0490352 0 0
254 4000.00 902.11 0.207315 44.6213 0.737274 25.2483 5.15829 0 6.99987 0 3.8124 0 0 11.2081 2.15755 0.0569609 0 0
249 10000.00 961.84 0.097021 36.0775 2.16885 20.9092 0.549805 0 25.3137 0 0.814051 0 0 14.1146 0.0522997 0 0 0
225 1000.00 944.11 0.281974 47.1408 0.751157 22.524 4.27236 0 5.55927 0 3.61078 0 0 8.93275 3.54161 0.127694 0 3.5396
255 4000.00 900.11 0.204588 44.7213 0.733844 25.2458 5.12334 0 6.97208 0 3.77031 0 0 11.1819 2.19338 0.0579971 0 0
256 7000.00 927.98 0.196695 44.0333 0.623993 27.2329 0.142009 0 11.5734 0 1.7198 0 0 12.9963 1.62815 0.0502196 0 0
250 10000.00 959.85 0.096271 36.0459 2.1537 20.8944 0.546857 0 25.5018 0 0.653897 0 0 14.1515 0.0520158 0 0 0
226 1000.00 942.11 0.276551 47.3056 0.744903 22.5055 4.22534 0 5.51141 0 3.54995 0 0 8.86217 3.60973 0.13152 0 3.55386
257 7000.00 925.98 0.194303 44.1207 0.61587 27.2346 0.139121 0 11.5597 0 1.6552 0 0 12.9602 1.66322 0.0514375 0 0
256 4000.00 898.10 0.201929 44.8231 0.730291 25.2427 5.08809 0 6.9439 0 3.72843 0 0 11.1544 2.22991 0.0590598 0 0
227 1000.00 940.10 0.271318 47.4712 0.738598 22.486 4.17832 0 5.46342 0 3.49008 0 0 8.79075 3.67802 0.135443 0 3.56809
251 10000.00 957.85 0.096099 36.0222 2.1288 20.8815 0.541302 0 25.6987 0 0.495322 0 0 14.1807 0.0514989 0 0 0
258 7000.00 923.98 0.191976 44.2101 0.607641 27.2352 0.136261 0 11.545 0 1.59123 0 0 12.9228 1.69906 0.0526898 0 0
257 4000.00 896.10 0.199336 44.9267 0.726617 25.239 5.05251 0 6.91532 0 3.68676 0 0 11.1258 2.26715 0.0601499 0 0
228 1000.00 938.10 0.266263 47.6376 0.732247 22.4656 4.13131 0 5.41535 0 3.43118 0 0 8.71854 3.74643 0.139464 0 3.5823
252 10000.00 955.85 0.097084 36.0148 2.08404 20.8726 0.530427 0 25.9126 0 0.340165 0 0 14.1949 0.0505025 0 0 0
259 7000.00 921.98 0.189711 44.3017 0.599307 27.2348 0.133424 0 11.5294 0 1.5279 0 0 12.8838 1.7357 0.0539776 0 0
258 4000.00 894.10 0.196808 45.0321 0.722825 25.2345 5.01661 0 6.88635 0 3.64528 0 0 11.096 2.30512 0.0612681 0 0
229 1000.00 936.10 0.261377 47.8045 0.725857 22.4443 4.08435 0 5.36721 0 3.37323 0 0 8.64558 3.81493 0.143586 0 3.59647
260 7000.00 919.98 0.187507 44.3954 0.590867 27.2333 0.130611 0 11.5127 0 1.46522 0 0 12.8434 1.77313 0.055302 0 0
230 1000.00 934.10 0.256652 47.9719 0.719433 22.422 4.03746 0 5.31906 0 3.31623 0 0 8.57192 3.8835 0.14781 0 3.6106
259 4000.00 892.09 0.194342 45.1392 0.718918 25.2294 4.9804 0 6.85698 0 3.60401 0 0 11.0649 2.34382 0.0624154 0 0
261 7000.00 917.98 0.185364 44.4912 0.58232 27.2308 0.12782 0 11.4951 0 1.40321 0 0 12.8015 1.81137 0.056664 0 0
231 1000.00 932.09 0.252077 48.1398 0.712981 22.3989 3.99065 0 5.27092 0 3.26018 0 0 8.49759 3.9521 0.152137 0 3.62469
262 7000.00 915.98 0.183280 44.5891 0.573666 27.2271 0.125048 0 11.4766 0 1.34187 0 0 12.7581 1.85043 0.0580647 0 0
260 4000.00 890.09 0.191939 45.2483 0.7149 25.2235 4.94386 0 6.82721 0 3.56293 0 0 11.0325 2.38326 0.0635926 0 0
232 1000.00 930.09 0.247647 48.3081 0.706504 22.3749 3.94394 0 5.22281 0 3.20507 0 0 8.42264 4.02071 0.156571 0 3.63874
263 7000.00 913.98 0.181254 44.6893 0.564902 27.2223 0.122294 0 11.457 0 1.28122 0 0 12.7131 1.89031 0.0595052 0 0
261 4000.00 888.08 0.189596 45.3592 0.710771 25.2168 4.907 0 6.79704 0 3.52204 0 0 10.9989 2.42344 0.0648005 0 0
262 4000.00 886.08 0.187313 45.4719 0.706536 25.2094 4.86981 0 6.76647 0 3.48134 0 0 10.9641 2.46437 0.0660402 0 0
264 7000.00 911.98 0.179285 44.7915 0.556028 27.2164 0.119557 0 11.4366 0 1.22127 0 0 12.6666 1.93101 0.0609865 0 05274
265 7000.00 909.98 0.177372 44.896 0.547042 27.2094 0.116834 0 11.4152 0 1.16204 0 0 12.6185 1.97254 0.0625098 0 0
234 1000.00 926.09 0.239187 48.6454 0.693497 22.3244 3.85091 0 5.12682 0 3.09765 0 0 8.27105 4.15779 0.165764 0 3.66668
266 7000.00 907.99 0.175513 45.0026 0.537943 27.2011 0.114126 0 11.3929 0 1.10354 0 0 12.5688 2.0149 0.064076 0 0
235 1000.00 924.09 0.235145 48.8144 0.686976 22.2979 3.80462 0 5.07898 0 3.04532 0 0 8.19448 4.22623 0.170526 0 3.68057
264 4000.00 882.07 0.182918 45.7032 0.697756 25.1923 4.79448 0 6.70415 0 3.4005 0 0 10.8906 2.54851 0.0686183 0 0
236 1000.00 922.08 0.231219 48.9834 0.680449 22.2707 3.7585 0 5.03128 0 2.99391 0 0 8.11745 4.29455 0.175403 0 3.69441
267 7000.00 905.99 0.173708 45.1114 0.528729 27.1916 0.111431 0 11.3698 0 1.04578 0 0 12.5174 2.0581 0.0656863 0 0
265 4000.00 880.07 0.180804 45.8216 0.693217 25.1825 4.75632 0 6.67239 0 3.36037 0 0 10.8519 2.59172 0.0699586 0 0
266 4000.00 878.06 0.178744 45.9421 0.688581 25.1719 4.71785 0 6.64023 0 3.32041 0 0 10.8119 2.6357 0.0713344 0 0
237 1000.00 920.08 0.227404 49.1524 0.673918 22.2427 3.71256 0 4.98375 0 2.9434 0 0 8.04 4.36273 0.180394 0 3.70818
268 7000.00 903.99 0.171955 45.2224 0.5194 27.1809 0.108746 0 11.3459 0 0.988772 0 0 12.4644 2.10212 0.0673417 0 0
267 4000.00 876.06 0.176738 46.0644 0.683851 25.1605 4.67905 0 6.60769 0 3.28064 0 0 10.7707 2.68045 0.0727467 0 0
269 7000.00 901.99 0.170255 45.3355 0.509953 27.1689 0.106072 0 11.3212 0 0.932538 0 0 12.4098 2.14697 0.0690431 0 0
238 1000.00 918.08 0.223695 49.3213 0.667389 22.214 3.66682 0 4.93639 0 2.89379 0 0 7.96216 4.43075 0.185504 0 3.72189
268 4000.00 874.05 0.174782 46.1887 0.67903 25.1482 4.63994 0 6.57475 0 3.24106 0 0 10.7281 2.72597 0.0741964 0 0
270 7000.00 899.99 0.168605 45.4507 0.500388 27.1557 0.103407 0 11.296 0 0.877088 0 0 12.3534 2.19263 0.0707914 0 0
239 1000.00 916.08 0.220087 49.4902 0.660864 22.1845 3.62128 0 4.88923 0 2.84506 0 0 7.88397 4.49859 0.190733 0 3.73553
269 4000.00 872.05 0.172877 46.3149 0.67412 25.1351 4.60051 0 6.54143 0 3.20166 0 0 10.6843 2.77226 0.0756845 0 0
240 1000.00 914.07 0.216575 49.6589 0.654346 22.1544 3.57597 0 4.84229 0 2.79721 0 0 7.80547 4.56622 0.196084 0 3.7491
241 1000.00 912.07 0.213155 49.8273 0.647838 22.1237 3.53089 0 4.79558 0 2.75022 0 0 7.72668 4.63362 0.20156 0 3.76261
271 7000.00 897.99 0.175884 45.6841 1.16957 27.1259 0 0 11.0825 0 0.782931 0 0 11.7985 2.28199 0.0743865 0 0
270 4000.00 870.04 0.270972 42.4809 0 24.577 0 0 17.3136 0 7.04588 0 0 7.61415 0.942591 0.0258584 0 0
242 1000.00 910.07 0.209822 49.9955 0.641344 22.0923 3.48604 0 4.74912 0 2.70409 0 0 7.64764 4.70076 0.207161 0 3.77604
271 4000.00 868.04 0.172484 46.3016 0 27.332 0 0 9.98632 0 4.01069 0 0 10.1642 2.14611 0.0590821 0 0
243 1000.00 908.07 0.206573 50.1634 0.634865 22.0603 3.44145 0 4.70292 0 2.6588 0 0 7.56838 4.76764 0.212892 0 3.7894
272 4000.00 866.03 0.170506 46.4147 0 27.3159 0 0 9.93866 0 3.93896 0 0 10.1368 2.19446 0.0606349 0 0
272 7000.00 895.99 0.176677 45.6414 1.54361 27.0159 0 0 10.962 0 0.725593 0 0 11.7098 2.32554 0.0761648 0 0
244 1000.00 906.06 0.203404 50.3309 0.628405 22.0277 3.39711 0 4.65699 0 2.61434 0 0 7.48894 4.83422 0.218754 0 3.80268
273 4000.00 864.03 0.168583 46.5303 0 27.2987 0 0 9.88955 0 3.86762 0 0 10.1078 2.24385 0.0622362 0 0
274 4000.00 862.03 0.166714 46.6485 0 27.2805 0 0 9.839 0 3.79669 0 0 10.0772 2.29426 0.0638873 0 0
245 1000.00 904.06 0.200312 50.4979 0.621965 21.9945 3.35303 0 4.61136 0 2.5707 0 0 7.40934 4.9005 0.22475 0 3.81588
275 4000.00 860.02 0.164897 46.7692 0 27.2612 0 0 9.78703 0 3.72618 0 0 10.0451 2.3457 0.0655896 0 0
246 1000.00 902.06 0.197292 50.6645 0.615548 21.9608 3.30923 0 4.56601 0 2.52788 0 0 7.32961 4.96645 0.230881 0 3.82901
276 4000.00 858.02 0.163131 46.8925 0 27.2408 0 0 9.73365 0 3.65612 0 0 10.0114 2.39817 0.0673445 0 0
273 7000.00 893.99 0.174816 45.7609 1.51855 26.997 0 0 10.9381 0 0.675823 0 0 11.6588 2.37257 0.0780822 0 0
277 4000.00 856.01 0.161415 47.0184 0 27.2193 0 0 9.67891 0 3.58652 0 0 9.9761 2.45166 0.0691533 0 0
247 1000.00 900.06 0.194343 50.8306 0.609156 21.9266 3.26571 0 4.52098 0 2.48584 0 0 7.24978 5.03206 0.237152 0 3.84206
274 7000.00 891.99 0.173014 45.8821 1.49372 26.9767 0 0 10.9142 0 0.626782 0 0 11.6061 2.42031 0.0800501 0 0
278 4000.00 854.01 0.159861 47.1378 0.0204687 27.1915 0 0 9.61954 0 3.5162 0 0 9.93757 2.50588 0.0710103 0 0
248 1000.00 898.06 0.191462 50.9962 0.60279 21.8919 3.22248 0 4.47627 0 2.4446 0 0 7.16988 5.0973 0.243563 0 3.85503
275 7000.00 889.99 0.171271 46.0047 1.46911 26.9548 0 0 10.8904 0 0.578485 0 0 11.5517 2.46873 0.0820686 0 0
279 4000.00 852.00 0.164282 46.8013 1.08741 26.8998 0 0 9.39362 0 3.38626 0 0 9.8131 2.546 0.0725305 0 0
249 1000.00 896.05 0.188645 51.1611 0.596453 21.8568 3.17954 0 4.43187 0 2.40412 0 0 7.08993 5.16217 0.250119 0 3.86791
276 7000.00 887.99 0.169586 46.1285 1.44471 26.9313 0 0 10.8671 0 0.53095 0 0 11.4955 2.51779 0.0841375 0 0
280 4000.00 850.00 0.162464 46.9422 1.06926 26.8788 0 0 9.33899 0 3.3199 0 0 9.77366 2.60265 0.0745508 0 0
250 1000.00 894.05 0.185890 51.3254 0.590145 21.8212 3.13689 0 4.38782 0 2.36441 0 0 7.00997 5.22664 0.256821 0 3.88071
277 7000.00 885.99 0.167959 46.2534 1.42051 26.9061 0 0 10.8447 0 0.484194 0 0 11.4374 2.5674 0.0862561 0 0
251 1000.00 892.05 0.183195 51.4891 0.58387 21.7851 3.09454 0 4.3441 0 2.32545 0 0 6.93001 5.29071 0.263673 0 3.89343
278 7000.00 883.99 0.166390 46.3791 1.39652 26.879 0 0 10.8238 0 0.438238 0 0 11.3775 2.61749 0.088423 0 0
252 1000.00 890.05 0.180557 51.6521 0.577627 21.7487 3.05251 0 4.30073 0 2.28722 0 0 6.85008 5.35436 0.270677 0 3.90607
279 7000.00 881.99 0.164881 46.5051 1.37272 26.8498 0 0 10.8052 0 0.393103 0 0 11.3156 2.66793 0.0906354 0 0
253 1000.00 888.04 0.177975 51.8143 0.571418 21.7119 3.01078 0 4.25772 0 2.24972 0 0 6.77021 5.41757 0.277836 0 3.91862
280 7000.00 879.99 0.163432 46.6308 1.34909 26.8181 0 0 10.7902 0 0.348815 0 0 11.2516 2.71855 0.0928889 0 0
254 1000.00 886.04 0.175445 51.9758 0.565245 21.6747 2.96936 0 4.21506 0 2.21293 0 0 6.69042 5.48033 0.285153 0 3.93108
281 7000.00 877.99 0.162047 46.7554 1.32562 26.7836 0 0 10.7805 0 0.305405 0 0 11.1853 2.76908 0.0951761 0 0
255 1000.00 884.04 0.172966 52.1364 0.559109 21.6371 2.92827 0 4.17276 0 2.17684 0 0 6.61072 5.54263 0.292631 0 3.94346
282 7000.00 875.99 0.160734 46.8775 1.30228 26.7455 0 0 10.7787 0 0.262912 0 0 11.1165 2.81914 0.0974845 0 0
256 1000.00 882.04 0.170537 52.2963 0.553011 21.5993 2.8875 0 4.13084 0 2.14143 0 0 6.53115 5.60446 0.300273 0 3.95575
283 7000.00 873.99 0.159503 46.9948 1.27902 26.7027 0 0 10.7895 0 0.221391 0 0 11.0447 2.86808 0.0997929 0 0
257 1000.00 880.03 0.168155 52.4553 0.546951 21.5612 2.84705 0 4.08928 0 2.10671 0 0 6.45172 5.6658 0.308082 0 3.96795
284 7000.00 871.99 0.158375 47.1036 1.25575 26.6532 0 0 10.8205 0 0.18092 0 0 10.9692 2.91478 0.102062 0 0
258 1000.00 878.03 0.165819 52.6134 0.540931 21.5227 2.80693 0 4.0481 0 2.07265 0 0 6.37246 5.72664 0.316061 0 3.98006
285 7000.00 869.99 0.157391 47.1965 1.23231 26.5932 0 0 10.8869 0 0.141624 0 0 10.8883 2.95709 0.104218 0 0
259 1000.00 876.03 0.163527 52.7706 0.534951 21.4841 2.76714 0 4.0073 0 2.03924 0 0 6.29338 5.78698 0.324214 0 3.99209
260 1000.00 874.03 0.161277 52.9269 0.529013 21.4452 2.72768 0 3.96688 0 2.00648 0 0 6.21451 5.84679 0.332543 0 4.00402
287 7000.00 866.00 0.156357 47.2466 1.18297 26.3967 0 0 11.3032 0 0.067728 0 0 10.6924 3.00315 0.107271 0 0
261 1000.00 872.03 0.159068 53.0823 0.523117 21.406 2.68856 0 3.92685 0 1.97435 0 0 6.13586 5.90607 0.341052 0 4.01587
262 1000.00 870.02 0.157027 53.2624 0.566021 21.362 2.59951 0 3.86188 0 1.95368 0 0 6.05726 5.96395 0.349708 0 4.02361
263 1000.00 868.02 0.155887 53.6142 0.942638 21.2843 2.16967 0 3.62758 0 2.00779 0 0 5.97716 6.0148 0.358279 0 4.00354
264 1000.00 866.02 0.153743 53.7563 0.928977 21.2429 2.14756 0 3.59638 0 1.97548 0 0 5.89895 6.07076 0.36738 0 4.01524
265 1000.00 864.02 0.151639 53.8977 0.915577 21.2014 2.12537 0 3.56542 0 1.94379 0 0 5.82105 6.12617 0.376679 0 4.02685
266 1000.00 862.01 0.149572 54.0382 0.902434 21.1598 2.10311 0 3.53471 0 1.9127 0 0 5.74349 6.18103 0.386178 0 4.03837
267 1000.00 860.01 0.147541 54.1778 0.889544 21.1181 2.08079 0 3.50424 0 1.8822 0 0 5.66627 6.23532 0.395881 0 4.04979
268 1000.00 858.01 0.145546 54.3166 0.876903 21.0764 2.05842 0 3.47404 0 1.85228 0 0 5.58942 6.28904 0.405793 0 4.06111
269 1000.00 856.01 0.143585 54.4544 0.864509 21.0346 2.03601 0 3.4441 0 1.82293 0 0 5.51294 6.34217 0.415917 0 4.07234
270 1000.00 854.00 0.141656 54.5914 0.852356 20.9928 2.01357 0 3.41443 0 1.79415 0 0 5.43686 6.39471 0.426258 0 4.08348
271 1000.00 852.00 0.139759 54.7273 0.840443 20.951 1.9911 0 3.38504 0 1.76591 0 0 5.36119 6.44664 0.436819 0 4.09451
272 1000.00 850.00 0.137893 54.8623 0.828765 20.9092 1.96861 0 3.35593 0 1.73821 0 0 5.28593 6.49796 0.447603 0 4.10545